   0.0000000000000000       0.96857245512891177     
   800.00001192092896       0.93240525503011684     
   1600.0000238418579       0.90421335229186672     
   2400.0000357627869       0.87962807068790938     
   3200.0000476837158       0.85729006431037824     
   4000.0000596046448       0.83654910147570560     
   4800.0000715255737       0.81703069977883658     
   5600.0000834465027       0.79849453148763716     
   6400.0000953674316       0.78077488679255547     
   7200.0001072883606       0.76375148693919370     
   8000.0001192092896       0.74733358959013596     
   8800.0001311302185       0.73145063872102600     
   9600.0001430511475       0.71604642853152467     
   10400.000154972076       0.70107528511735395     
   11200.000166893005       0.68649947059587757     
   12000.000178813934       0.67228736112483700     
   12800.000190734863       0.65841213316526459     
   13600.000202655792       0.64485079408854085     
   14400.000214576721       0.63158345241565139     
   15200.000226497650       0.61859275874741204     
   16000.000238418579       0.60586347078912361     
   16800.000250339508       0.59338211024009357     
   17600.000262260437       0.58113668879453706     
   18400.000274181366       0.56911648689368544     
   19200.000286102295       0.55731187327076381     
   20000.000298023224       0.54571415641710919     
   20800.000309944153       0.53431546129800411     
   21600.000321865082       0.52310862623927024     
   22400.000333786011       0.51208711607402690     
   23200.000345706940       0.50124494850715451     
   24000.000357627869       0.49057663130763496     
   24800.000369548798       0.48007710843478313     
   25600.000381469727       0.46974171358497729     
   26400.000393390656       0.45956612994018631     
   27200.000405311584       0.44954635512996910     
   28000.000417232513       0.43967867059989951     
   28800.000429153442       0.42995961472335842     
   29600.000441074371       0.42038595910862275     
   30400.000452995300       0.41095468764571952     
   31200.000464916229       0.40166297791241368     
   32000.000476837158       0.39250818461971393     
   32800.000488758087       0.38348782482720400     
   33600.000500679016       0.37459956469965938     
   34400.000512599945       0.36584120761036187     
   35200.000524520874       0.35721068342487705     
   36000.000536441803       0.34870603882258622     
   36800.000548362732       0.34032542853310610     
   37600.000560283661       0.33206710738134182     
   38400.000572204590       0.32392942304901673     
   39200.000584125519       0.31591080947244154     
   40000.000596046448       0.30800978080641106     
   40800.000607967377       0.30022492589280492     
   41600.000619888306       0.29255490317982480     
   42400.000631809235       0.28499843604418251     
   43200.000643730164       0.27755430847397577     
   44000.000655651093       0.27022136107468886     
   44800.000667572021       0.26299848736477660     
   45600.000679492950       0.25588463033079556     
   46400.000691413879       0.24887877921500690     
   47200.000703334808       0.24197996651094567     
   48000.000715255737       0.23518726514470045     
   48800.000727176666       0.22849978582144526     
   49600.000739097595       0.22191667451842623     
   50400.000751018524       0.21543711010687150     
   51200.000762939453       0.20906030208637238     
   52000.000774860382       0.20278548841618638     
   52800.000786781311       0.19661193342845817     
   53600.000798702240       0.19053892580886478     
   54400.000810623169       0.18456577663034257     
   55200.000822544098       0.17869181742559603     
   56000.000834465027       0.17291639828384509     
   56800.000846385956       0.16723888595679282     
   57600.000858306885       0.16165866195811573     
   58400.000870227814       0.15617512063971595     
   59200.000882148743       0.15078766722663683     
   60000.000894069672       0.14549571579081721     
   60800.000905990601       0.14029868714163585     
   61600.000917911530       0.13519600660847919     
   62400.000929832458       0.13018710168719916     
   63200.000941753387       0.12527139951808453     
   64000.000953674316       0.12044832415794415     
   64800.000965595245       0.11571729360246952     
   65600.000977516174       0.11107771650734422     
   66400.000989437103       0.10652898854690274     
   67200.001001358032       0.10207048833720922     
   68000.001013278961        9.7701572835590778E-002
   68800.001025199890        9.3421572110028217E-002
   69600.001037120819        8.9229783348429903E-002
   70400.001049041748        8.5125463948144242E-002
   71200.001060962677        8.1107823488290043E-002
   72000.001072883606        7.7176014338912191E-002
   72800.001084804535        7.3329120598148112E-002
   73600.001096725464        6.9566144966449084E-002
   74400.001108646393        6.5885993058723002E-002
   75200.001120567322        6.2287454511128271E-002
   76000.001132488251        5.8769180045297187E-002
   76800.001144409180        5.5329653388530353E-002
   77600.001156330109        5.1967156584206364E-002
   78400.001168251038        4.8679726717240301E-002
   79200.001180171967        4.5465101357075044E-002
   80000.001192092896        4.2320648980247677E-002
   80800.001204013824        3.9243279111663032E-002
   81600.001215934753        3.6229324657193862E-002
   82400.001227855682        3.3274385471174783E-002
   83200.001239776611        3.0373116938577249E-002
   84000.001251697540        2.7518939196638170E-002
   84800.001263618469        2.4703630048505953E-002
   85600.001275539398        2.1916746078598059E-002
   86400.001287460327        1.9144793797584825E-002
   87200.001299381256        1.6370069837545076E-002
   88000.001311302185        1.3569255970680816E-002
   88800.001323223114        1.0713110849576601E-002
   89600.001335144043        7.7776821182433675E-003
   90400.001347064972        4.8626095891819432E-003
   91200.001358985901        3.3191571405888354E-003
   92000.001370906830        5.1997935171148590E-003
   92800.001382827759        7.5979623330706403E-003
   93600.001394748688        9.4628687553557356E-003
   94400.001406669617        1.0674547389334155E-002
   95200.001418590546        1.1206979904673009E-002
   96000.001430511475        1.1036506963809423E-002
   96800.001442432404        1.0122883310742736E-002
   97600.001454353333        8.3902422121777676E-003
   98400.001466274261        5.6757848990454107E-003
   99200.001478195190        1.6897313588875029E-003
   100000.00149011612        2.3896878352980266E-003
   100800.00150203705        2.4480381864466771E-003
   101600.00151395798        1.5052525731935607E-003
   102400.00152587891        1.2145511100887241E-003
   103200.00153779984        8.8294417887135879E-004
   104000.00154972076        7.0212479258158211E-004
   104800.00156164169        4.4825329456710250E-004
   105600.00157356262        4.8442088762579161E-004
   106400.00158548355        3.4550038123137838E-004
   107200.00159740448        2.2360051324321617E-004
   108000.00160932541        1.5932855821088054E-004
   108800.00162124634        1.1075138832028486E-004
   109600.00163316727        6.8521571864543773E-005
   110400.00164508820        3.7803432571870133E-005
   111200.00165700912        2.6694236977949481     
   112000.00166893005        4334.8134260889519     
   112800.00168085098        16960.871783906125     
   113600.00169277191        37881.219614779715     
   114400.00170469284        67095.862318549785     
   115200.00171661377        104604.80239868716     
   116000.00172853470        150408.04186074290     
   116800.00174045563        204505.58256605692     
   117600.00175237656        266897.42632142274     
   118400.00176429749        337583.57490921766     
   119200.00177621841        416564.03009951505     
   120000.00178813934        503838.79365561181     
   120800.00180006027        599407.86733677867     
   121600.00181198120        703271.25289975724     
   122400.00182390213        815428.95209959149     
   123200.00183582306        935880.96669014683     
   124000.00184774399        1064627.2984244116     
   124800.00185966492        1201667.9490546850     
   125600.00187158585        1347002.9203327086     
   126400.00188350677        1500632.2140097602     
   127200.00189542770        1662555.8318366909     
   128000.00190734863        1832773.7755639846     
   128800.00191926956        2011286.0469417288     
   129600.00193119049        2198092.6477196617     
   130400.00194311142        2393193.5796472207     
   131200.00195503235        2596588.8444734635     
   132000.00196695328        2808278.4439471159     
   132800.00197887421        3028262.3798165442     
   133600.00199079514        3256540.6538297669     
   134400.00200271606        3493113.2677344270     
   135200.00201463699        3737980.2232778170     
   136000.00202655792        3991141.5222068247     
   136800.00203847885        4252597.1662679398     
   137600.00205039978        4522347.1572073139     
   138400.00206232071        4800391.4967705784     
   139200.00207424164        5086730.1867030114     
   140000.00208616257        5381363.2287494130     
   140800.00209808350        5684290.6246541832     
   141600.00211000443        5995512.3761612093     
   142400.00212192535        6315028.4850139571     
   143200.00213384628        6642838.9529553596     
   144000.00214576721        6978943.7817278644     
   144800.00215768814        7323342.9730733642     
   145600.00216960907        7676036.5287333494     
   146400.00218153000        8037024.4504486341     
   147200.00219345093        8406306.7399595641     
   148000.00220537186        8783883.3990058992     
   148800.00221729279        9169754.4293267801     
   149600.00222921371        9563919.8326608073     
   150400.00224113464        9966379.6107460167     
   151200.00225305557        10377133.765319755     
   152000.00226497650        10796182.298118753     
   152800.00227689743        11223525.210879104     
   153600.00228881836        11659162.505336262     
   154400.00230073929        12103094.183225024     
   155200.00231266022        12555320.246279461     
   156000.00232458115        13015840.696232947     
   156800.00233650208        13484655.534818258     
   157600.00234842300        13961764.763767324     
   158400.00236034393        14447168.384811416     
   159200.00237226486        14940866.399680952     
   160000.00238418579        15442858.810105789     
   160800.00239610672        15953145.617814837     
   161600.00240802765        16471726.824536290     
   162400.00241994858        16998602.431997485     
   163200.00243186951        17533772.441925053     
   164000.00244379044        18077236.856044721     
   164800.00245571136        18628995.676081404     
   165600.00246763229        19189048.903759081     
   166400.00247955322        19757396.540801071     
   167200.00249147415        20334038.588929623     
   168000.00250339508        20918975.049866218     
   168800.00251531601        21512205.925331324     
   169600.00252723694        22113731.217044592     
   170400.00253915787        22723550.926724661     
   171200.00255107880        23341665.056089319     
   172000.00256299973        23968073.606855348     
   172800.00257492065        24602776.580738567     
   173600.00258684158        25245773.979453787     
   174400.00259876251        25897065.804714888     
   175200.00261068344        26556652.058234692     
   176000.00262260437        27224532.741724998     
   176800.00263452530        27900707.856896576     
   177600.00264644623        28585177.405459207     
   178400.00265836716        29277941.389121559     
   179200.00267028809        29978999.809591267     
   180000.00268220901        30688352.668574825     
   180800.00269412994        31405999.967777647     
   181600.00270605087        32131941.708904076     
   182400.00271797180        32866177.893657308     
   183200.00272989273        33608708.523739412     
   184000.00274181366        34359533.600851253     
   184800.00275373459        35118653.126692593     
   185600.00276565552        35886067.102962017     
   186400.00277757645        36661775.531356923     
   187200.00278949738        37445778.413573414     
   188000.00280141830        38238075.751306593     
   188800.00281333923        39038667.546250075     
   189600.00282526016        39847553.800096497     
   190400.00283718109        40664734.514536984     
   191200.00284910202        41490209.691261619     
   192000.00286102295        42323979.331958987     
   192800.00287294388        43166043.438316539     
   193600.00288486481        44016402.012020536     
   194400.00289678574        44875055.054755650     
   195200.00290870667        45742002.568205282     
   196000.00292062759        46617244.554051809     
   196800.00293254852        47500781.013975680     
   197600.00294446945        48392611.949656494     
   198400.00295639038        49292737.362772346     
   199200.00296831131        50201157.254999638     
   200000.00298023224        51117871.628013805     
   200800.00299215317        52042880.483488448     
   201600.00300407410        52976183.823096126     
   202400.00301599503        53917781.648507610     
   203200.00302791595        54867673.961392544     
   204000.00303983688        55825860.763418682     
   204800.00305175781        56792342.056252815     
   205600.00306367874        57767117.841559961     
   206400.00307559967        58750188.121003255     
   207200.00308752060        59741552.896245234     
   208000.00309944153        60741212.168945953     
   208800.00311136246        61749165.940764628     
   209600.00312328339        62765414.213358350     
   210400.00313520432        63789956.988383137     
   211200.00314712524        64822794.267493017     
   212000.00315904617        65863926.052340560     
   212800.00317096710        66913352.344577104     
   213600.00318288803        67971073.145851463     
   214400.00319480896        69037088.457811758     
   215200.00320672989        70111398.282104239     
   216000.00321865082        71194002.620373353     
   216800.00323057175        72284901.474261671     
   217600.00324249268        73384094.845409840     
   218400.00325441360        74491582.735457450     
   219200.00326633453        75607365.146043599     
   220000.00327825546        76731442.078801408     
   220800.00329017639        77863813.535368517     
   221600.00330209732        79004479.517374665     
   222400.00331401825        80153440.026450813     
   223200.00332593918        81310695.064227805     
   224000.00333786011        82476244.632331625     
   224800.00334978104        83650088.732387379     
   225600.00336170197        84832227.366018727     
   226400.00337362289        86022660.534847409     
   227200.00338554382        87221388.240493104     
   228000.00339746475        88428410.484574378     
   228800.00340938568        89643727.268708482     
   229600.00342130661        90867338.594507769     
   230400.00343322754        92099244.463583902     
   231200.00344514847        93339444.877551600     
   232000.00345706940        94587939.838014871     
   232800.00346899033        95844729.346583575     
   233600.00348091125        97109813.404859796     
   234400.00349283218        98383192.014449924     
   235200.00350475311        99664865.176950708     
   236000.00351667404        100954832.89396420     
   236800.00352859497        102253095.16708705     
   237600.00354051590        103559651.99791242     
   238400.00355243683        104874503.38803361     
   239200.00356435776        106197649.33904192     
   240000.00357627869        107529089.85252726     
   240800.00358819962        108868824.93007618     
   241600.00360012054        110216854.57327257     
   242400.00361204147        111573178.78369924     
   243200.00362396240        112937797.56293672     
   244000.00363588333        114310710.91256416     
   244800.00364780426        115691918.83415890     
   245600.00365972519        117081421.32929398     
   246400.00367164612        118479218.39954118     
   247200.00368356705        119885310.04647011     
   248000.00369548798        121299696.27164811     
   248800.00370740891        122722377.07664636     
   249600.00371932983        124153352.46302323     
   250400.00373125076        125592622.43233865     
   251200.00374317169        127040186.98615792     
   252000.00375509262        128496046.12603329     
   252800.00376701355        129960199.85351881     
   253600.00377893448        131432648.17017266     
   254400.00379085541        132913391.07753617     
   255200.00380277634        134402428.57716864     
   256000.00381469727        135899760.67060363     
   256800.00382661819        137405387.35939613     
   257600.00383853912        138919308.64507756     
   258400.00385046005        140441524.52919269     
   259200.00386238098        141972035.01327679     
   260000.00387430191        143510840.09885913     
   260800.00388622284        145057939.78748187     
   261600.00389814377        146613334.08066615     
   262400.00391006470        148177022.97993824     
   263200.00392198563        149749006.48682967     
   264000.00393390656        151329284.60285982     
   264800.00394582748        152917857.32954568     
   265600.00395774841        154514724.66840521     
   266400.00396966934        156119886.62095675     
   267200.00398159027        157733343.18871439     
   268000.00399351120        159355094.37318420     
   268800.00400543213        160985140.17587414     
   269600.00401735306        162623480.59828976     
   270400.00402927399        164270115.64193407     
   271200.00404119492        165925045.30830744     
   272000.00405311584        167588269.59890801     
   272800.00406503677        169259788.51523188     
   273600.00407695770        170939602.05877236     
   274400.00408887863        172627710.23101783     
   275200.00410079956        174324113.03345600     
   276000.00411272049        176028810.46757194     
   276800.00412464142        177741802.53484806     
   277600.00413656235        179463089.23676437     
   278400.00414848328        181192670.57479793     
   279200.00416040421        182930546.55042565     
   280000.00417232513        184676717.16511863     
   280800.00418424606        186431182.42034552     
   281600.00419616699        188193942.31757286     
   282400.00420808792        189964996.85826451     
   283200.00422000885        191744346.04388171     
   284000.00423192978        193531989.87588289     
   284800.00424385071        195327928.35572377     
   285600.00425577164        197132161.48485735     
   286400.00426769257        198944689.26474217     
   287200.00427961349        200765511.69682059     
   288000.00429153442        202594628.78253525     
   288800.00430345535        204432040.52332798     
   289600.00431537628        206277746.92063791     
   290400.00432729721        208131747.97591120     
   291200.00433921814        209994043.69057792     
   292000.00435113907        211864634.06606352     
   292800.00436306000        213743519.10379574     
   293600.00437498093        215630698.80520990     
   294400.00438690186        217526173.17172784     
   295200.00439882278        219429942.20475999     
   296000.00441074371        221342005.90572256     
   296800.00442266464        223262364.27605176     
   297600.00443458557        225191017.31713760     
   298400.00444650650        227127965.03038672     
   299200.00445842743        229073207.41722429     
   300000.00447034836        231026744.47903943     
   300800.00448226929        232988576.21722445     
   301600.00449419022        234958702.63319954     
   302400.00450611115        236937123.72834060     
   303200.00451803207        238923839.50403252     
   304000.00452995300        240918849.96169403     
   304800.00454187393        242922155.10267752     
   305600.00455379486        244933754.92837918     
   306400.00456571579        246953649.44018385     
   307200.00457763672        248981838.63944513     
   308000.00458955765        251018322.52757290     
   308800.00460147858        253063101.10590181     
   309600.00461339951        255116174.37581873     
   310400.00462532043        257177542.33868310     
   311200.00463724136        259247204.99584672     
   312000.00464916229        261325162.34868988     
   312800.00466108322        263411414.39853323     
   313600.00467300415        265505961.14677373     
   314400.00468492508        267608802.59471095     
   315200.00469684601        269719938.74371713     
   316000.00470876694        271839369.59517998     
   316800.00472068787        273967095.15035975     
   317600.00473260880        276103115.41059273     
   318400.00474452972        278247430.37724113     
   319200.00475645065        280400040.05169803     
   320000.00476837158        282560944.43519837     
   320800.00478029251        284730143.52906555     
   321600.00479221344        286907637.33463830     
   322400.00480413437        289093425.85332060     
   323200.00481605530        291287509.08632183     
   324000.00482797623        293489887.03495252     
   324800.00483989716        295700559.70052004     
   325600.00485181808        297919527.08443618     
   326400.00486373901        300146789.18791294     
   327200.00487565994        302382346.01223010     
   328000.00488758087        304626197.55868173     
   328800.00489950180        306878343.82860303     
   329600.00491142273        309138784.82332170     
   330400.00492334366        311407520.54403907     
   331200.00493526459        313684550.99203622     
   332000.00494718552        315969876.16859078     
   332800.00495910645        318263496.07505482     
   333600.00497102737        320565410.71267480     
   334400.00498294830        322875620.08266634     
   335200.00499486923        325194124.18629372     
   336000.00500679016        327520923.02481788     
   336800.00501871109        329856016.59957486     
   337600.00503063202        332199404.91179484     
   338400.00504255295        334551087.96267503     
   339200.00505447388        336911065.75346267     
   340000.00506639481        339279338.28540176     
   340800.00507831573        341655905.55977380     
   341600.00509023666        344040767.57786852     
   342400.00510215759        346433924.34082657     
   343200.00511407852        348835375.84987789     
   344000.00512599945        351245122.10624915     
   344800.00513792038        353663163.11116332     
   345600.00514984131        356089498.86593735     
   346400.00516176224        358524129.37173086     
   347200.00517368317        360967054.62971640     
   348000.00518560410        363418274.64110297     
   348800.00519752502        365877789.40709615     
   349600.00520944595        368345598.92889786     
   350400.00522136688        370821703.20781481     
   351200.00523328781        373306102.24496597     
   352000.00524520874        375798796.04151094     
   352800.00525712967        378299784.59863728     
   353600.00526905060        380809067.91752905     
   354400.00528097153        383326645.99936670     
   355200.00529289246        385852518.84539235     
   356000.00530481339        388386686.45679212     
   356800.00531673431        390929148.83465815     
   357600.00532865524        393479905.98015636     
   358400.00534057617        396038957.89444900     
   359200.00535249710        398606304.57869458     
   360000.00536441803        401181946.03404802     
   360800.00537633896        403765882.26176602     
   361600.00538825989        406358113.26293206     
   362400.00540018082        408958639.03864950     
   363200.00541210175        411567459.59005827     
   364000.00542402267        414184574.91829485     
   364800.00543594360        416809985.02449185     
   365600.00544786453        419443689.90977812     
   366400.00545978546        422085689.57535660     
   367200.00547170639        424735984.02234340     
   368000.00548362732        427394573.25178456     
   368800.00549554825        430061457.26479405     
   369600.00550746918        432736636.06248170     
   370400.00551939011        435420109.64595395     
   371200.00553131104        438111878.01631325     
   372000.00554323196        440811941.17465818     
   372800.00555515289        443520299.12220520     
   373600.00556707382        446236951.85995603     
   374400.00557899475        448961899.38896644     
   375200.00559091568        451695141.71031958     
   376000.00560283661        454436678.82509500     
   376800.00561475754        457186510.73436826     
   377600.00562667847        459944637.43921095     
   378400.00563859940        462711058.94069093     
   379200.00565052032        465485775.23994714     
   380000.00566244125        468268786.33804721     
   380800.00567436218        471060092.23596543     
   381600.00568628311        473859692.93475401     
   382400.00569820404        476667588.43546122     
   383200.00571012497        479483778.73913133     
   384000.00572204590        482308263.84680468     
   384800.00573396683        485141043.75951773     
   385600.00574588776        487982118.47830278     
   386400.00575780869        490831488.00426745     
   387200.00576972961        493689152.33843994     
   388000.00578165054        496555111.48175877     
   388800.00579357147        499429365.43524051     
   389600.00580549240        502311914.19989759     
   390400.00581741333        505202757.77673846     
   391200.00582933426        508101896.16676760     
   392000.00584125519        511009329.37098527     
   392800.00585317612        513925057.39038801     
   393600.00586509705        516849080.22596800     
   394400.00587701797        519781397.87883639     
   395200.00588893890        522722010.34989828     
   396000.00590085983        525670917.64009082     
   396800.00591278076        528628119.75039017     
   397600.00592470169        531593616.68176818     
   398400.00593662262        534567408.43519264     
   399200.00594854355        537549495.01162732     
   400000.00596046448        540539876.41203177     
   400800.00597238541        543538552.63736141     
   401600.00598430634        546545523.68856788     
   402400.00599622726        549560789.56661868     
   403200.00600814819        552584350.27258682     
   404000.00602006912        555616205.80726147     
   404800.00603199005        558656356.17157745     
   405600.00604391098        561704801.36646557     
   406400.00605583191        564761541.39285183     
   407200.00606775284        567826576.25165856     
   408000.00607967377        570899905.94380391     
   408800.00609159470        573981530.47020125     
   409600.00610351562        577071449.83176053     
   410400.00611543655        580169664.02938688     
   411200.00612735748        583276173.06398153     
   412000.00613927841        586390976.93652117     
   412800.00615119934        589514075.64791548     
   413600.00616312027        592645469.19895697     
   414400.00617504120        595785157.59052944     
   415200.00618696213        598933140.82351291     
   416000.00619888306        602089418.89878297     
   416800.00621080399        605253991.81721103     
   417600.00622272491        608426859.57966387     
   418400.00623464584        611608022.18700433     
   419200.00624656677        614797479.64009058     
   420000.00625848770        617995231.93977690     
   420800.00627040863        621201279.08691311     
   421600.00628232956        624415621.08234441     
   422400.00629425049        627638257.92702246     
   423200.00630617142        630869189.62174618     
   424000.00631809235        634108416.16727638     
   424800.00633001328        637355937.56444097     
   425600.00634193420        640611753.81406367     
   426400.00635385513        643875864.91696370     
   427200.00636577606        647148270.87395620     
   428000.00637769699        650428971.68585145     
   428800.00638961792        653717967.35345578     
   429600.00640153885        657015257.87757087     
   430400.00641345978        660320843.25899386     
   431200.00642538071        663634723.49851799     
   432000.00643730164        666956898.59693158     
   432800.00644922256        670287368.55501854     
   433600.00646114349        673626133.37362278     
   434400.00647306442        676973193.05358088     
   435200.00648498535        680328547.59553885     
   436000.00649690628        683692197.00026309     
   436800.00650882721        687064141.26851547     
   437600.00652074814        690444380.40105307     
   438400.00653266907        693832914.39862907     
   439200.00654459000        697229743.26199162     
   440000.00655651093        700634866.99188459     
   440800.00656843185        704048285.58904755     
   441600.00658035278        707469999.05421507     
   442400.00659227371        710900007.38811779     
   443200.00660419464        714338310.59148121     
   444000.00661611557        717784908.66502702     
   444800.00662803650        721239801.60947168     
   445600.00663995743        724702989.42552769     
   446400.00665187836        728174472.11397862     
   447200.00666379929        731654249.67557251     
   448000.00667572021        735142322.11088777     
   448800.00668764114        738638689.42061877     
   449600.00669956207        742143351.60545468     
   450400.00671148300        745656308.66608047     
   451200.00672340393        749177560.60317636     
   452000.00673532486        752707107.41741800     
   452800.00674724579        756244949.10947657     
   453600.00675916672        759791085.68001842     
   454400.00677108765        763345517.12970555     
   455200.00678300858        766908243.45919514     
   456000.00679492950        770479264.66913998     
   456800.00680685043        774058580.76018775     
   457600.00681877136        777646191.73298204     
   458400.00683069229        781242097.58816147     
   459200.00684261322        784846298.32636011     
   460000.00685453415        788458793.94820762     
   460800.00686645508        792079584.45439672     
   461600.00687837601        795708669.84561658     
   462400.00689029694        799346050.12234604     
   463200.00690221786        802991725.28519642     
   464000.00691413879        806645695.33477330     
   464800.00692605972        810307960.27167833     
   465600.00693798065        813978520.09650803     
   466400.00694990158        817657374.80985439     
   467200.00696182251        821344524.41230488     
   468000.00697374344        825039968.90444183     
   468800.00698566437        828743708.28684306     
   469600.00699758530        832455742.56008184     
   470400.00700950623        836176071.72472632     
   471200.00702142715        839904695.78134048     
   472000.00703334808        843641614.73048282     
   472800.00704526901        847386828.57270789     
   473600.00705718994        851140337.30856478     
   474400.00706911087        854902140.93859828     
   475200.00708103180        858672239.46334815     
   476000.00709295273        862450632.88334978     
   476800.00710487366        866237321.19913316     
   477600.00711679459        870032304.41138697     
   478400.00712871552        873835582.52052152     
   479200.00714063644        877647155.52700114     
   480000.00715255737        881467023.43133712     
   480800.00716447830        885295186.23403585     
   481600.00717639923        889131643.93559885     
   482400.00718832016        892976396.53652275     
   483200.00720024109        896829444.03729987     
   484000.00721216202        900690786.43841696     
   484800.00722408295        904560423.74035645     
   485600.00723600388        908438355.94359577     
   486400.00724792480        912324583.04860783     
   487200.00725984573        916219105.05585980     
   488000.00727176666        920121921.96581519     
   488800.00728368759        924033033.77893186     
   489600.00729560852        927952440.49566293     
   490400.00730752945        931880142.11645699     
   491200.00731945038        935816138.64175725     
   492000.00733137131        939760430.07200265     
   492800.00734329224        943713016.40762675     
   493600.00735521317        947673897.64905834     
   494400.00736713409        951643073.79672158     
   495200.00737905502        955620544.85103548     
   496000.00739097595        959606310.81241429     
   496800.00740289688        963600371.68148887     
   497600.00741481781        967602727.45844710     
   498400.00742673874        971613378.14368415     
   499200.00743865967        975632323.73759472     
   500000.00745058060        979659564.24056828     
   500800.00746250153        983695099.65298975     
   501600.00747442245        987738929.97523892     
   502400.00748634338        991791055.20769048     
   503200.00749826431        995851475.35071445     
   504000.00751018524        999920190.40467572     
   504800.00752210617        1003997200.3699346     
   505600.00753402710        1008082505.2468458     
   506400.00754594803        1012176105.0357596     
   507200.00755786896        1016277999.7370212     
   508000.00756978989        1020388189.3509707     
   508800.00758171082        1024506673.8779436     
   509600.00759363174        1028633453.3182698     
   510400.00760555267        1032768527.6722748     
   511200.00761747360        1036911896.9402790     
   512000.00762939453        1041063561.1225976     
   512800.00764131546        1045223520.2195408     
   513600.00765323639        1049391774.2314142     
   514400.00766515732        1053568323.1585182     
   515200.00767707825        1057753167.0011480     
   516000.00768899918        1061946305.7595938     
   516800.00770092010        1066147739.4341413     
   517600.00771284103        1070357468.0250705     
   518400.00772476196        1074575491.5326574     
   519200.00773668289        1078801809.9571712     
   520000.00774860382        1083036423.2988780     
   520800.00776052475        1087279331.5580378     
   521600.00777244568        1091530534.7349057     
   522400.00778436661        1095790032.8297322     
   523200.00779628754        1100057825.8427622     
   524000.00780820847        1104333913.7742360     
   524800.00782012939        1108618296.6243887     
   525600.00783205032        1112910974.3934500     
   526400.00784397125        1117211947.0816453     
   527200.00785589218        1121521214.6891942     
   528000.00786781311        1125838777.2163115     
   528800.00787973404        1130164634.6632073     
   529600.00789165497        1134498787.0300863     
   530400.00790357590        1138841234.3171482     
   531200.00791549683        1143191976.5246344     
   532000.00792741776        1147551013.6531336     
   532800.00793933868        1151918345.7023861     
   533600.00795125961        1156293972.6725709     
   534400.00796318054        1160677894.5638628     
   535200.00797510147        1165070111.3764307     
   536000.00798702240        1169470623.1104388     
   536800.00799894333        1173879429.7660463     
   537600.00801086426        1178296531.3434067     
   538400.00802278519        1182721927.8426695     
   539200.00803470612        1187155619.2639773     
   540000.00804662704        1191597605.6074698     
   540800.00805854797        1196047886.8732800     
   541600.00807046890        1200506463.0615366     
   542400.00808238983        1204973334.1723626     
   543200.00809431076        1209448500.2058761     
   544000.00810623169        1213931961.1621904     
   544800.00811815262        1218423717.0414135     
   545600.00813007355        1222923767.8436480     
   546400.00814199448        1227432113.5689914     
   547200.00815391541        1231948754.2175367     
   548000.00816583633        1236473689.7893713     
   548800.00817775726        1241006920.2845769     
   549600.00818967819        1245548445.7032311     
   550400.00820159912        1250098266.0454059     
   551200.00821352005        1254656381.3111682     
   552000.00822544098        1259222791.5005794     
   552800.00823736191        1263797496.6136963     
   553600.00824928284        1268380496.6505706     
   554400.00826120377        1272971791.6112483     
   555200.00827312469        1277571381.4957702     
   556000.00828504562        1282179266.3041730     
   556800.00829696655        1286795446.0364869     
   557600.00830888748        1291419920.6927378     
   558400.00832080841        1296052690.2729461     
   559200.00833272934        1300693754.7771273     
   560000.00834465027        1305343114.2052913     
   560800.00835657120        1310000768.5574434     
   561600.00836849213        1314666717.8335831     
   562400.00838041306        1319340962.0337055     
   563200.00839233398        1324023501.1577995     
   564000.00840425491        1328714335.2058496     
   564800.00841617584        1333413464.1778350     
   565600.00842809677        1338120888.0737298     
   566400.00844001770        1342836606.8935025     
   567200.00845193863        1347560620.6371169     
   568000.00846385956        1352292929.3045309     
   568800.00847578049        1357033532.8956985     
   569600.00848770142        1361782431.4105670     
   570400.00849962234        1366539624.8490796     
   571200.00851154327        1371305113.2111740     
   572000.00852346420        1376078896.4967823     
   572800.00853538513        1380860974.7058320     
   573600.00854730606        1385651347.8382449     
   574400.00855922699        1390450015.8939383     
   575200.00857114792        1395256978.8728235     
   576000.00858306885        1400072236.7748070     
   576800.00859498978        1404895789.5997903     
   577600.00860691071        1409727637.3476691     
   578400.00861883163        1414567780.0183344     
   579200.00863075256        1419416217.6116717     
   580000.00864267349        1424272950.1275620     
   580800.00865459442        1429137977.5658798     
   581600.00866651535        1434011299.9264953     
   582400.00867843628        1438892917.2092738     
   583200.00869035721        1443782829.4140744     
   584000.00870227814        1448681036.5407517     
   584800.00871419907        1453587538.5891545     
   585600.00872612000        1458502335.5591273     
   586400.00873804092        1463425427.4505086     
   587200.00874996185        1468356814.2631316     
   588000.00876188278        1473296495.9968252     
   588800.00877380371        1478244472.6514122     
   589600.00878572464        1483200744.2267106     
   590400.00879764557        1488165310.7225327     
   591200.00880956650        1493138172.1386862     
   592000.00882148743        1498119328.4749734     
   592800.00883340836        1503108779.7311912     
   593600.00884532928        1508106525.9071314     
   594400.00885725021        1513112567.0025804     
   595200.00886917114        1518126903.0173199     
   596000.00888109207        1523149533.9511254     
   596800.00889301300        1528180459.8037682     
   597600.00890493393        1533219680.5751832     
   598400.00891685486        1538267196.2653632     
   599200.00892877579        1543323006.8736634     
   600000.00894069672        1548387112.3998342     
   600800.00895261765        1553459512.8436203     
   601600.00896453857        1558540208.2047608     
   602400.00897645950        1563629198.4829900     
   603200.00898838043        1568726483.6780376     
   604000.00900030136        1573832063.7896266     
   604800.00901222229        1578945938.8174765     
   605600.00902414322        1584068108.7613001     
   606400.00903606415        1589198573.6208055     
   607200.00904798508        1594337333.3956959     
   608000.00905990601        1599484388.0856693     
   608800.00907182693        1604639737.6904175     
   609600.00908374786        1609803382.2096281     
   610400.00909566879        1614975321.6429832     
   611200.00910758972        1620155555.9901595     
   612000.00911951065        1625344085.2508290     
   612800.00913143158        1630540909.4246571     
   613600.00914335251        1635746028.5113056     
   614400.00915527344        1640959442.5104306     
   615200.00916719437        1646181151.4216821     
   616000.00917911530        1651411155.2447059     
   616800.00919103622        1656649453.9791422     
   617600.00920295715        1661896047.6246259     
   618400.00921487808        1667150936.1807871     
   619200.00922679901        1672414119.6472499     
   620000.00923871994        1677685598.0236340     
   620800.00925064087        1682965371.3095531     
   621600.00926256180        1688253439.5046165     
   622400.00927448273        1693549802.6084275     
   623200.00928640366        1698854460.6205847     
   624000.00929832458        1704167413.5406818     
   624800.00931024551        1709488661.3683057     
   625600.00932216644        1714818204.1030402     
   626400.00933408737        1720156041.7444623     
   627200.00934600830        1725502174.2921443     
   628000.00935792923        1730856601.7456539     
   628800.00936985016        1736219324.1045525     
   629600.00938177109        1741590341.3683968     
   630400.00939369202        1746969653.5367386     
   631200.00940561295        1752357260.6091239     
   632000.00941753387        1757753162.5850937     
   632800.00942945480        1763157359.4641843     
   633600.00944137573        1768569851.2459259     
   634400.00945329666        1773990637.9298441     
   635200.00946521759        1779419719.5154591     
   636000.00947713852        1784857096.0022860     
   636800.00948905945        1790302767.3898346     
   637600.00950098038        1795756733.6776092     
   638400.00951290131        1801218994.8651099     
   639200.00952482224        1806689550.9518301     
   640000.00953674316        1812168401.9372597     
   640800.00954866409        1817655547.8208816     
   641600.00956058502        1823150988.6021750     
   642400.00957250595        1828654724.2806129     
   643200.00958442688        1834166754.8556640     
   644000.00959634781        1839687080.3267913     
   644800.00960826874        1845215700.6934524     
   645600.00962018967        1850752615.9551001     
   646400.00963211060        1856297826.1111817     
   647200.00964403152        1861851331.1611397     
   648000.00965595245        1867413131.1044109     
   648800.00966787338        1872983225.9404278     
   649600.00967979431        1878561615.6686168     
   650400.00969171524        1884148300.2883992     
   651200.00970363617        1889743279.7991920     
   652000.00971555710        1895346554.2004058     
   652800.00972747803        1900958123.4914470     
   653600.00973939896        1906577987.6717165     
   654400.00975131989        1912206146.7406099     
   655200.00976324081        1917842600.6975179     
   656000.00977516174        1923487349.5418253     
   656800.00978708267        1929140393.2729132     
   657600.00979900360        1934801731.8901560     
   658400.00981092453        1940471365.3929238     
   659200.00982284546        1946149293.7805817     
   660000.00983476639        1951835517.0524886     
   660800.00984668732        1957530035.2079992     
   661600.00985860825        1963232848.2464633     
   662400.00987052917        1968943956.1672242     
   663200.00988245010        1974663358.9696217     
   664000.00989437103        1980391056.6529889     
   664800.00990629196        1986127049.2166550     
   665600.00991821289        1991871336.6599436     
   666400.00993013382        1997623918.9821732     
   667200.00994205475        2003384796.1826568     
   668000.00995397568        2009153968.2607028     
   668800.00996589661        2014931435.2156141     
   669600.00997781754        2020717197.0466888     
   670400.00998973846        2026511253.7532198     
   671200.01000165939        2032313605.3344946     
   672000.01001358032        2038124251.7897959     
   672800.01002550125        2043943193.1184011     
   673600.01003742218        2049770429.3195827     
   674400.01004934311        2055605960.3926077     
   675200.01006126404        2061449786.3367386     
   676000.01007318497        2067301907.1512322     
   676800.01008510590        2073162322.8353405     
   677600.01009702682        2079031033.3883107     
   678400.01010894775        2084908038.8093839     
   679200.01012086868        2090793339.0977974     
   680000.01013278961        2096686934.2527821     
   680800.01014471054        2102588824.2735655     
   681600.01015663147        2108499009.1593683     
   682400.01016855240        2114417488.9094069     
   683200.01018047333        2120344263.5228930     
   684000.01019239426        2126279332.9990323     
   684800.01020431519        2132222697.3370264     
   685600.01021623611        2138174356.5360711     
   686400.01022815704        2144134310.5953574     
   687200.01024007797        2150102559.5140715     
   688000.01025199890        2156079103.2913938     
   688800.01026391983        2162063941.9265013     
   689600.01027584076        2168057075.4185638     
   690400.01028776169        2174058503.7667470     
   691200.01029968262        2180068226.9702125     
   692000.01031160355        2186086245.0281148     
   692800.01032352448        2192112557.9396062     
   693600.01033544540        2198147165.7038307     
   694400.01034736633        2204190068.3199301     
   695200.01035928726        2210241265.7870393     
   696000.01037120819        2216300758.1042895     
   696800.01038312912        2222368545.2708054     
   697600.01039505005        2228444627.2857084     
   698400.01040697098        2234529004.1481137     
   699200.01041889191        2240621675.8571324     
   700000.01043081284        2246722642.4118686     
   700800.01044273376        2252831903.8114243     
   701600.01045465469        2258949460.0548949     
   702400.01046657562        2265075311.1413708     
   703200.01047849655        2271209457.0699372     
   704000.01049041748        2277351897.8396749     
   704800.01050233841        2283502633.4496603     
   705600.01051425934        2289661663.8989630     
   706400.01052618027        2295828989.1866498     
   707200.01053810120        2302004609.3117809     
   708000.01055002213        2308188524.2734122     
   708800.01056194305        2314380734.0705943     
   709600.01057386398        2320581238.7024951     
   710400.01058578491        2326790038.1686144     
   711200.01059770584        2333007132.4674096     
   712000.01060962677        2339232521.5979114     
   712800.01062154770        2345466205.5591474     
   713600.01063346863        2351708184.3501368     
   714400.01064538956        2357958457.9698977     
   715200.01065731049        2364217026.4174409     
   716000.01066923141        2370483889.6917725     
   716800.01068115234        2376759047.7918940     
   717600.01069307327        2383042500.7168031     
   718400.01070499420        2389334248.4654908     
   719200.01071691513        2395634291.0369449     
   720000.01072883606        2401942628.4301462     
   720800.01074075699        2408259260.6440725     
   721600.01075267792        2414584187.6776962     
   722400.01076459885        2420917409.5299845     
   723200.01077651978        2427258926.1999002     
   724000.01078844070        2433608737.6864004     
   724800.01080036163        2439966843.9884381     
   725600.01081228256        2446333245.1049619     
   726400.01082420349        2452707941.0349140     
   727200.01083612442        2459090931.7772336     
   728000.01084804535        2465482217.3308530     
   728800.01085996628        2471881797.6947021     
   729600.01087188721        2478289672.8677034     
   730400.01088380814        2484705842.8487768     
   731200.01089572906        2491130307.6368365     
   732000.01090764999        2497563067.2307916     
   732800.01091957092        2504004121.6295457     
   733600.01093149185        2510453470.8319998     
   734400.01094341278        2516911114.8370476     
   735200.01095533371        2523377053.6435809     
   736000.01096725464        2529851287.2504840     
   736800.01097917557        2536333815.6566377     
   737600.01099109650        2542824638.8609171     
   738400.01100301743        2549323756.8621941     
   739200.01101493835        2555831169.6593351     
   740000.01102685928        2562346877.2512012     
   740800.01103878021        2568870879.6366491     
   741600.01105070114        2575403176.8145313     
   742400.01106262207        2581943768.7836947     
   743200.01107454300        2588492655.5429821     
   744000.01108646393        2595049837.0912304     
   744800.01109838486        2601615313.4272742     
   745600.01111030579        2608189084.5499411     
   746400.01112222672        2614771150.4580545     
   747200.01113414764        2621361511.1504340     
   748000.01114606857        2627960166.6258941     
   748800.01115798950        2634567116.8832431     
   749600.01116991043        2641182361.9212875     
   750400.01118183136        2647805901.7388263     
   751200.01119375229        2654437736.3346553     
   752000.01120567322        2661077865.7075663     
   752800.01121759415        2667726289.8563442     
   753600.01122951508        2674383008.7797718     
   754400.01124143600        2681048022.4766254     
   755200.01125335693        2687721330.9456768     
   756000.01126527786        2694402934.1856942     
   756800.01127719879        2701092832.1954412     
   757600.01128911972        2707791024.9736748     
   758400.01130104065        2714497512.5191498     
   759200.01131296158        2721212294.8306150     
   760000.01132488251        2727935371.9068155     
   760800.01133680344        2734666743.7464905     
   761600.01134872437        2741406410.3483758     
   762400.01136064529        2748154371.7112021     
   763200.01137256622        2754910627.8336954     
   764000.01138448715        2761675178.7145777     
   764800.01139640808        2768448024.3525662     
   765600.01140832901        2775229164.7463722     
   766400.01142024994        2782018599.8947053     
   767200.01143217087        2788816329.7962680     
   768000.01144409180        2795622354.4497590     
   768800.01145601273        2802436673.8538733     
   769600.01146793365        2809259288.0073004     
   770400.01147985458        2816090196.9087257     
   771200.01149177551        2822929400.5568299     
   772000.01150369644        2829776898.9502892     
   772800.01151561737        2836632692.0877757     
   773600.01152753830        2843496779.9679565     
   774400.01153945923        2850369162.5894947     
   775200.01155138016        2857249839.9510479     
   776000.01156330109        2864138812.0512705     
   776800.01157522202        2871036078.8888121     
   777600.01158714294        2877941640.4623170     
   778400.01159906387        2884855496.7704263     
   779200.01161098480        2891777647.8117762     
   780000.01162290573        2898708093.5849977     
   780800.01163482666        2905646834.0887184     
   781600.01164674759        2912593869.3215613     
   782400.01165866852        2919549199.2821445     
   783200.01167058945        2926512823.9690819     
   784000.01168251038        2933484743.3809834     
   784800.01169443130        2940464957.5164537     
   785600.01170635223        2947453466.3740945     
   786400.01171827316        2954450269.9525013     
   787200.01173019409        2961455368.2502666     
   788000.01174211502        2968468761.2659783     
   788800.01175403595        2975490448.9982190     
   789600.01176595688        2982520431.4455690     
   790400.01177787781        2989558708.6066017     
   791200.01178979874        2996605280.4798880     
   792000.01180171967        3003660147.0639944     
   792800.01181364059        3010723308.3574815     
   793600.01182556152        3017794764.3589077     
   794400.01183748245        3024874515.0668259     
   795200.01184940338        3031962560.4797845     
   796000.01186132431        3039058900.5963287     
   796800.01187324524        3046163535.4149990     
   797600.01188516617        3053276464.9343300     
   798400.01189708710        3060397689.1528544     
   799200.01190900803        3067527208.0691004     
   800000.01192092896        3074665021.6815901     
