   0.0000000000000000        1.1732674528935292E-002   1.1732675041786815E-002
   5000.0000745058060        7.5148026540225898E-002   5.9401646784704776E-002
   10000.000149011612       0.11719364701056348        8.9531918447537703E-002
   15000.000223517418       0.15242104108602245       0.11442905924935530     
   20000.000298023224       0.18368610445437805       0.13634342483065043     
   25000.000372529030       0.21222426932788155       0.15622802283453169     
   30000.000447034836       0.23871477328721477       0.17459980465120603     
   35000.000521540642       0.26358259809669721       0.19177894758721950     
   40000.000596046448       0.28711651401488658       0.20798117009463771     
   45000.000670552254       0.30952440312671370       0.22336057444436175     
   50000.000745058060       0.33096248667671357       0.23803210247301959     
   55000.000819563866       0.35155215304438026       0.25208437692427138     
   60000.000894069672       0.37139030002281381       0.26558754384020500     
   65000.000968575478       0.39055602725452071       0.27859831506677901     
   70000.001043081284       0.40911515297163115       0.29116334752790646     
   75000.001117587090       0.42712337222087188       0.30332158602687892     
   80000.001192092896       0.44462853411224157       0.31510593386182639     
   85000.001266598701       0.46167232984143725       0.32654447244353457     
   90000.001341104507       0.47829157673327533       0.33766136923916951     
   95000.001415610313       0.49451922006858023       0.34847756456507434     
   100000.00149011612       0.51038513537063523       0.35901129759994166     
   105000.00156462193       0.52591678913574913       0.36927851275604723     
   110000.00163912773       0.54113980010344531       0.37929317491306297     
   115000.00171363354       0.55607843284692304       0.38906751348624169     
   120000.00178813934       0.57075604880065001       0.39861220937515707     
   125000.00186264515       0.58519553565747684       0.40793653460410062     
   130000.00193715096       0.59941973361756917       0.41704845134457197     
   135000.00201165676       0.61345187575234927       0.42595467464391307     
   140000.00208616257       0.62731605935396617       0.43466070135367507     
   145000.00216066837       0.64103776514280186       0.44317080635602574     
   150000.00223517418       0.65464444097424546       0.45148800624532748     
   155000.00230967999       0.66816616512843086       0.45961399031854139     
   160000.00238418579       0.68163639935054920       0.46754901951772093     
   165000.00245869160       0.69509282968711272       0.47529179678362166     
   170000.00253319740       0.70857826656825673       0.48283931893070403     
   175000.00260770321       0.72214152087872496       0.49018673405073115     
   180000.00268220901       0.73583806465624801       0.49732725590202614     
   185000.00275671482       0.74973007760120303       0.50425223914992645     
   190000.00283122063       0.76388509313114472       0.51095161655773258     
   195000.00290572643       0.77837175787934476       0.51741507356560978     
   200000.00298023224       0.79325001734895739       0.52363463238717234     
   205000.00305473804       0.80855115548265255       0.52960977809745047     
   210000.00312924385       0.82424064751774206       0.53535685023443547     
   215000.00320374966       0.84015484055990997       0.54092485812654267     
   220000.00327825546       0.85590423596172682       0.54641935893371896     
   225000.00335276127       0.87074618846246732       0.55203345295411443     
   230000.00342726707       0.88344592169648306       0.55808094212650650     
   235000.00350177288       0.89214044512153712       0.56502787984389324     
   240000.00357627869       0.89414094808790157       0.57353822712470925     
   245000.00365078449       0.88539800886698061       0.58459995828910771     
   250000.00372529030       0.85893365809733058       0.59989365476102152     
   255000.00379979610       0.80248115260311415       0.62229615507625169     
   260000.00387430191       0.73001341156273325       0.64799636740192734     
   265000.00394880772       0.76061071922960322       0.64822710224258029     
   270000.00402331352       0.74608600553156146       0.66015930367340803     
   275000.00409781933       0.73450771432790607       0.67069515951606606     
   280000.00417232513       0.72392817237522356       0.68070762613457469     
   285000.00424683094       0.73038822331309561       0.68688436017236854     
   290000.00432133675       0.71412290796994105       0.69801656986369298     
   295000.00439584255        264.41653030210381       -264.40945093255351     
   300000.00447034836        2099.1582795736308       -2108.9799934795192     
   305000.00454485416        3933.9000288451793       -3953.5505360264387     
   310000.00461935997        5768.6417781167402       -5798.1210785733274     
   315000.00469386578        7603.3835273882451       -7642.6916211203597     
   320000.00476837158        9438.1252766596572       -9487.2621636674921     
   325000.00484287739        11272.867025931222       -11331.832706214520     
   330000.00491738319        13107.608775202556       -13176.403248761268     
   335000.00499188900        14942.350524475085       -15020.973791309598     
   340000.00506639481        16777.092273743103       -16865.544333853253     
   345000.00514090061        18611.834023018291       -18710.114876403684     
   350000.00521540642        20446.575772284337       -20554.685418945286     
   355000.00528991222        22281.317521564055       -22399.255961501021     
   360000.00536441803        24116.059270772770       -24243.826503985238     
   365000.00543892384        25950.801020114744       -26088.397046603513     
   370000.00551342964        27785.542769362110       -27932.967589126289     
   375000.00558793545        29620.284518572455       -29777.538131611767     
   380000.00566244125        31455.026267932226       -31622.108674247473     
   385000.00573694706        33289.768017237693       -33466.679216828372     
   390000.00581145287        35124.509766496987       -35311.249759363440     
   395000.00588595867        36959.251515717428       -37155.820301859072     
   400000.00596046448        38793.993264904544       -39000.390844320835     
   405000.00603497028        40628.735014062586       -40844.961386753574     
   410000.00610947609        42463.476763418301       -42689.531929385099     
   415000.00618398190        44298.218512785403       -44534.102472028440     
   420000.00625848770        46132.960262133289       -46378.673014651991     
   425000.00633299351        47967.702011219306       -48223.243557012182     
   430000.00640749931        49802.443760278053       -50067.814099345174     
   435000.00648200512        51637.185509323012       -51912.384641664517     
   440000.00655651093        53471.927258517513       -53756.955184134102     
   445000.00663101673        55306.669008052348       -55601.525726945780     
   450000.00670552254        57141.410757577120       -57446.096269747490     
   455000.00678002834        58976.152507092913       -59290.666812540025     
   460000.00685453415        60810.894256600361       -61135.237355324389     
   465000.00692903996        62645.636006100380       -62979.807898101135     
   470000.00700354576        64480.377755593348       -64824.378440871136     
   475000.00707805157        66315.119505080176       -66668.948983634677     
   480000.00715255737        68149.861254561300       -68513.519526392280     
   485000.00722706318        69984.603004036966       -70358.090069144659     
   490000.00730156898        71819.344753507976       -72202.660611891813     
   495000.00737607479        73654.086502974227       -74047.231154634574     
   500000.00745058060        75488.828252436360       -75891.801697372997     
   505000.00752508640        77323.570001894346       -77736.372240107696     
   510000.00759959221        79158.311751348869       -79580.942782838538     
   515000.00767409801        80993.053500800001       -81425.513325565917     
   520000.00774860382        82827.795250247669       -83270.083868290414     
   525000.00782310963        84662.536999692660       -85114.654411011608     
   530000.00789761543        86497.278749134784       -86959.224953730125     
   535000.00797212124        88332.020498574275       -88803.795496446008     
   540000.00804662704        90166.762248011190       -90648.366039159577     
   545000.00812113285        92001.503997446067       -92492.936581870556     
   550000.00819563866        93836.245746486602       -94337.507124185518     
   555000.00827014446        95670.987495403926       -96182.077666376645     
   560000.00834465027        97505.729244319489       -98026.648208565661     
   565000.00841915607        99340.470993233190       -99871.218750752902     
   570000.00849366188        101175.21274214514       -101715.78929293840     
   575000.00856816769        103009.95449105545       -103560.35983512230     
   580000.00864267349        104844.69623996416       -105404.93037730470     
   585000.00871717930        106679.43798887158       -107249.50091948545     
   590000.00879168510        108514.17973777736       -109094.07146166507     
   595000.00886619091        110348.92148668204       -110938.64200384311     
   600000.00894069672        112183.66323558529       -112783.21254602008     
   605000.00901520252        114018.40498448750       -114627.78308819569     
   610000.00908970833        115853.14673338858       -116472.35363037014     
   615000.00916421413        117687.88848228847       -118316.92417254361     
   620000.00923871994        119522.63023118737       -120161.49471471600     
   625000.00931322575        121357.37198008517       -122006.06525688749     
   630000.00938773155        123192.11372898222       -123850.63579905785     
   635000.00946223736        125026.85547787830       -125695.20634122739     
   640000.00953674316        126861.59722677351       -127539.77688339603     
   645000.00961124897        128696.33897566782       -129384.34742556393     
   650000.00968575478        130531.08072456159       -131228.91796773078     
   655000.00976026058        132365.82247345438       -133073.48850989708     
   660000.00983476639        134200.56422234638       -134918.05905206274     
   665000.00990927219        136035.30597123774       -136762.62959422759     
   670000.00998377800        137870.04772012835       -138607.20013639188     
   675000.01005828381        139704.78946901840       -140451.77067855542     
   680000.01013278961        141539.53121790788       -142296.34122071831     
   685000.01020729542        143374.27296679668       -144140.91176288069     
   690000.01028180122        145209.01471568504       -145985.48230504233     
   695000.01035630703        147043.75646457251       -147830.05284720380     
   700000.01043081284        148878.49821345988       -149674.62338936428     
   705000.01050531864        150713.23996234679       -151519.19393152418     
   710000.01057982445        152547.98171123277       -153363.76447368404     
   715000.01065433025        154382.72346011872       -155208.33501584295     
   720000.01072883606        156217.46520900386       -157052.90555800180     
   725000.01080334187        158052.20695788856       -158897.47610016019     
   730000.01087784767        159886.94870677317       -160742.04664231779     
   735000.01095235348        161721.69045565717       -162586.61718447515     
   740000.01102685928        163556.43220454035       -164431.18772663258     
   745000.01110136509        165391.17395342363       -166275.75826878910     
   750000.01117587090        167225.91570230701       -168120.32881094483     
   755000.01125037670        169060.65745118933       -169964.89935310083     
   760000.01132488251        170895.39920007123       -171809.46989525660     
   765000.01139938831        172730.14094895325       -173654.04043741152     
   770000.01147389412        174564.88269783469       -175498.61097956641     
   775000.01154839993        176399.62444671578       -177343.18152172098     
   780000.01162290573        178234.36619559649       -179187.75206387532     
   785000.01169741154        180069.10794447688       -181032.32260602940     
   790000.01177191734        181903.84969335719       -182876.89314818295     
   795000.01184642315        183738.59144223662       -184721.46369033682     
   800000.01192092896        185573.33319111681       -186566.03423248942     
   805000.01199543476        187408.07493999560       -188410.60477464288     
   810000.01206994057        189242.81668887546       -190255.17531679472     
   815000.01214444637        191077.55843775434       -192099.74585894708     
   820000.01221895218        192912.30018663296       -193944.31640109920     
   825000.01229345798        194747.04193551157       -195788.88694325087     
   830000.01236796379        196581.78368438952       -197633.45748540270     
   835000.01244246960        198416.52543326761       -199478.02802755401     
   840000.01251697540        200251.26718214489       -201322.59856970567     
   845000.01259148121        202086.00893102333       -203167.16911185576     
   850000.01266598701        203920.75067990040       -205011.73965400679     
   855000.01274049282        205755.49242877716       -206856.31019615772     
   860000.01281499863        207590.23417765481       -208700.88073830740     
   865000.01288950443        209424.97592653090       -210545.45128045822     
   870000.01296401024        211259.71767540823       -212390.02182260749     
   875000.01303851604        213094.45942428452       -214234.59236475741     
   880000.01311302185        214929.20117315973       -216079.16290690805     
   885000.01318752766        216763.94292203683       -217923.73344905645     
   890000.01326203346        218598.68467091297       -219768.30399120555     
   895000.01333653927        220433.42641978836       -221612.87453335500     
   900000.01341104507        222268.16816866299       -223457.44507550489     
   905000.01348555088        224102.90991753875       -225302.01561765338     
   910000.01356005669        225937.65166641501       -227146.58615980105     
   915000.01363456249        227772.39341528856       -228991.15670195117     
   920000.01370906830        229607.13516416401       -230835.72724409908     
   925000.01378357410        231441.87691303808       -232680.29778624809     
   930000.01385807991        233276.61866191475       -234524.86832839422     
   935000.01393258572        235111.36041078888       -236369.43887054262     
   940000.01400709152        236946.10215966383       -238214.00941268998     
   945000.01408159733        238780.84390853802       -240058.57995483780     
   950000.01415610313        240615.58565741190       -241903.15049698573     
   955000.01423060894        242450.32740628615       -243747.72103913297     
   960000.01430511475        244285.06915515976       -245592.29158128073     
   965000.01437962055        246119.81090403438       -247436.86212342713     
   970000.01445412636        247954.55265290805       -249281.43266557431     
   975000.01452863216        249789.29440178024       -251126.00320772277     
   980000.01460313797        251624.03615065507       -252970.57374986826     
   985000.01467764378        253458.77789952597       -254815.14429201756     
   990000.01475214958        255293.51964840011       -256659.71483416343     
   995000.01482665539        257128.26139727389       -258504.28537630939     
   1000000.0149011612        258963.00314614683       -260348.85591845607     
