   0.0000000000000000       0.96857245512891177     
   800.00001192092896       0.92617650056678680     
   1600.0000238418579       0.89097172371228772     
   2400.0000357627869       0.85888827993490324     
   3200.0000476837158       0.82876155395827777     
   4000.0000596046448       0.80006214257679797     
   4800.0000715255737       0.77249715769610972     
   5600.0000834465027       0.74588494452939369     
   6400.0000953674316       0.72010396312049219     
   7200.0001072883606       0.69506835702726311     
   8000.0001192092896       0.67071494365016437     
   8800.0001311302185       0.64699571504378262     
   9600.0001430511475       0.62387324365745089     
   10400.000154972076       0.60131772813784234     
   11200.000166893005       0.57930501724622774     
   12000.000178813934       0.55781524390990411     
   12800.000190734863       0.53683185442179659     
   13600.000202655792       0.51634090183942583     
   14400.000214576721       0.49633052093803431     
   15200.000226497650       0.47679053093510582     
   16000.000238418579       0.45771213003791122     
   16800.000250339508       0.43908765721399734     
   17600.000262260437       0.42091040399492663     
   18400.000274181366       0.40317446407523638     
   19200.000286102295       0.38587461184623706     
   20000.000298023224       0.36900620335143997     
   20800.000309944153       0.35256509480911324     
   21600.000321865082       0.33654757503781985     
   22400.000333786011       0.32095030898707932     
   23200.000345706940       0.30577029021398006     
   24000.000357627869       0.29100480062313883     
   24800.000369548798       0.27665137614712287     
   25600.000381469727       0.26270777731890926     
   26400.000393390656       0.24917196389972340     
   27200.000405311584       0.23604207289089363     
   28000.000417232513       0.22331639938906656     
   28800.000429153442       0.21099337984933020     
   29600.000441074371       0.19907157740724091     
   30400.000452995300       0.18754966898408543     
   31200.000464916229       0.17642643396488444     
   32000.000476837158       0.16570074429980663     
   32800.000488758087       0.15537155594166729     
   33600.000500679016       0.14543790160002223     
   34400.000512599945       0.13589888487222912     
   35200.000524520874       0.12675367591176245     
   36000.000536441803       0.11800150892443351     
   36800.000548362732       0.10964168195764468     
   37600.000560283661       0.10167355968480707     
   38400.000572204590        9.4096580209592551E-002
   39200.000584125519        8.6910267351090642E-002
   40000.000596046448        8.0114250452228974E-002
   40800.000607967377        7.3708294506283467E-002
   41600.000619888306        6.7692344324272513E-002
   42400.000631809235        6.2066587514197247E-002
   43200.000643730164        5.6831542023551451E-002
   44000.000655651093        5.1988174457533454E-002
   44800.000667572021        4.7538054398331475E-002
   45600.000679492950        4.3483545816634050E-002
   46400.000691413879        3.9828026643830450E-002
   47200.000703334808        3.6576107993844253E-002
   48000.000715255737        3.3733792175834720E-002
   48800.000727176666        3.1308464918751389E-002
   49600.000739097595        2.9308576199247094E-002
   50400.000751018524        2.7742861518994077E-002
   51200.000762939453        2.6619045705320588E-002
   52000.000774860382        2.5942188898150587E-002
   52800.000786781311        2.5713119780184313E-002
   53600.000798702240        2.5927563523790553E-002
   54400.000810623169        2.6576407469590446E-002
   55200.000822544098        2.7647074190159326E-002
   56000.000834465027        2.9125493665229207E-002
   56800.000846385956        3.0998005367916193E-002
   57600.000858306885        3.3252716088285172E-002
   58400.000870227814        3.5880174227095107E-002
   59200.000882148743        3.8873475010878344E-002
   60000.000894069672        4.2228009032169389E-002
   60800.000905990601        4.5941050070871903E-002
   61600.000917911530        5.0011315983129911E-002
   62400.000929832458        5.4438574519030336E-002
   63200.000941753387        5.9223321876518575E-002
   64000.000953674316        6.4366536451702316E-002
   64800.000965595245        6.9869498451684553E-002
   65600.000977516174        7.5733662294241277E-002
   66400.000989437103        8.1960569028873387E-002
   67200.001001358032        8.8551787964724848E-002
   68000.001013278961        9.5508879018299186E-002
   68800.001025199890       0.10283336942991195     
   69600.001037120819       0.11052674024664411     
   70400.001049041748       0.11859041931364445     
   71200.001060962677       0.12702577850825936     
   72000.001072883606       0.13583413366507902     
   72800.001084804535       0.14501674614340310     
   73600.001096725464       0.15457482533849598     
   74400.001108646393       0.16450953167849525     
   75200.001120567322       0.17482197981237313     
   76000.001132488251       0.18551324180453221     
   76800.001144409180       0.19658435022508680     
   77600.001156330109       0.20803630107337767     
   78400.001168251038       0.21987005650354297     
   79200.001180171967       0.23208654734113132     
   80000.001192092896       0.24468667539199895     
   80800.001204013824       0.25767131555205269     
   81600.001215934753       0.27104131773040496     
   82400.001227855682       0.28479750860039443     
   83200.001239776611       0.29894069319337957     
   84000.001251697540       0.31347165635005236     
   84800.001263618469       0.32839116404305502     
   85600.001275539398       0.34369996458391139     
   86400.001287460327       0.35939878972595718     
   87200.001299381256       0.37548835567402739     
   88000.001311302185       0.39196936401032811     
   88800.001323223114       0.40884250254514631     
   89600.001335144043       0.42610844609998999     
   90400.001347064972       0.44376785722989309     
   91200.001358985901       0.46182138689086294     
   92000.001370906830       0.48026967505786500     
   92800.001382827759       0.49911335129801815     
   93600.001394748688       0.51835303530321575     
   94400.001406669617       0.53798933738586374     
   95200.001418590546       0.55802285894111225     
   96000.001430511475       0.57845419287844857     
   96800.001442432404       0.59928392402539288     
   97600.001454353333       0.62051262950557939     
   98400.001466274261       0.64214087909332118     
   99200.001478195190       0.66416923554665175     
   100000.00149011612       0.68659825492041193     
   100800.00150203705       0.70942848686103410     
   101600.00151395798       0.73266047488432084     
   102400.00152587891       0.75629475663759083     
   103200.00153779984       0.78033186414713596     
   104000.00154972076       0.80477232405222665     
   104800.00156164169       0.82961665782650629     
   105600.00157356262       0.85486538198760043     
   106400.00158548355       0.88051900829578145     
   107200.00159740448       0.90657804394244135     
   108000.00160932541       0.93304299172891803     
   108800.00162124634       0.95991435023633853     
   109600.00163316727       0.98719261398712410     
   110400.00164508820        1.0148782735984696     
   111200.00165700912        1.0429718159284862     
   112000.00166893005        1.0714737242153065     
   112800.00168085098        1.1003844782095547     
   113600.00169277191        1.1297045543006883     
   114400.00170469284        1.1594344256374294     
   115200.00171661377        1.1895745622426066     
   116000.00172853470        1.2201254311229146     
   116800.00174045563        1.2510874963735326     
   117600.00175237656        1.2824612192781304     
   118400.00176429749        1.3142470584045576     
   119200.00177621841        1.3464454696960333     
   120000.00178813934        1.3790569065586764     
   120800.00180006027        1.4120818199449996     
   121600.00181198120        1.4455206584338374     
   122400.00182390213        1.4793738683069950     
   123200.00183582306        1.5136418936224434     
   124000.00184774399        1.5483251762845871     
   124800.00185966492        1.5834241561114064     
   125600.00187158585        1.6189392708990491     
   126400.00188350677        1.6548709564834443     
   127200.00189542770        1.6912196467995937     
   128000.00190734863        1.7279857739383209     
   128800.00191926956        1.7651697682007121     
   129600.00193119049        1.8027720581504045     
   130400.00194311142        1.8407930706636737     
   131200.00195503235        1.8792332309775732     
   132000.00196695328        1.9180929627360594     
   132800.00197887421        1.9573726880343889     
   133600.00199079514        1.9970728274615910     
   134400.00200271606        2.0371938001414582     
   135200.00201463699        2.0777360237716982     
   136000.00202655792        2.1186999146617111     
   136800.00203847885        2.1600858877687914     
   137600.00205039978        2.2018943567329687     
   138400.00206232071        2.2441257339104261     
   139200.00207424164        2.2867804304057104     
   140000.00208616257        2.3298588561025522     
   140800.00209808350        2.3733614196936310     
   141600.00211000443        2.4172885287091406     
   142400.00212192535        2.4616405895441753     
   143200.00213384628        2.5064180074851432     
   144000.00214576721        2.5516211867352085     
   144800.00215768814        2.5972505304386466     
   145600.00216960907        2.6433064407043023     
   146400.00218153000        2.6897893186282111     
   147200.00219345093        2.7366995643151917     
   148000.00220537186        2.7840375768998848     
   148800.00221729279        2.8318037545666570     
   149600.00222921371        2.8799984945690102     
   150400.00224113464        2.9286221932481160     
   151200.00225305557        2.9776752460507012     
   152000.00226497650        3.0271580475461777     
   152800.00227689743        3.0770709914431587     
   153600.00228881836        3.1274144706053537     
   154400.00230073929        3.1781888770668791     
   155200.00231266022        3.2293946020468631     
   156000.00232458115        3.2810320359636043     
   156800.00233650208        3.3331015684481393     
   157600.00234842300        3.3856035883573714     
   158400.00236034393        3.4385384837864290     
   159200.00237226486        3.4919066420808607     
   160000.00238418579        3.5457084498482541     
   160800.00239610672        3.5999442929692407     
   161600.00240802765        3.6546145566082604     
   162400.00241994858        3.7097196252238200     
   163200.00243186951        3.7652598825784489     
   164000.00244379044        3.8212357117480380     
   164800.00245571136        3.8776474951309536     
   165600.00246763229        3.9344956144568854     
   166400.00247955322        3.9917804507951553     
   167200.00249147415        4.0495023845627296     
   168000.00250339508        4.1076617955319863     
   168800.00251531601        4.1662590628379998     
   169600.00252723694        4.2252945649858207     
   170400.00253915787        4.2847686798571285     
   171200.00255107880        4.3446817847166646     
   172000.00256299973        4.4050342562186584     
   172800.00257492065        4.4658264704127477     
   173600.00258684158        4.5270588027495196     
   174400.00259876251        4.5887316280860562     
   175200.00261068344        4.6508453206912561     
   176000.00262260437        4.7134002542507112     
   176800.00263452530        4.7763968018714769     
   177600.00264644623        4.8398353360866357     
   178400.00265836716        4.9037162288595173     
   179200.00267028809        4.9680398515880118     
   180000.00268220901        5.0328065751083582     
   180800.00269412994        5.0980167696988676     
   181600.00270605087        5.1636708050835445     
   182400.00271797180        5.2297690504355279     
   183200.00272989273        5.2963118743800504     
   184000.00274181366        5.3632996449977197     
   184800.00275373459        5.4307327298272323     
   185600.00276565552        5.4986114958681727     
   186400.00277757645        5.5669363095834603     
   187200.00278949738        5.6357075369019549     
   188000.00280141830        5.7049255432205923     
   188800.00281333923        5.7745906934064886     
   189600.00282526016        5.8447033517990548     
   190400.00283718109        5.9152638822117325     
   191200.00284910202        5.9862726479339106     
   192000.00286102295        6.0577300117323709     
   192800.00287294388        6.1296363358529184     
   193600.00288486481        6.2019919820217133     
   194400.00289678574        6.2747973114465374     
   195200.00290870667        6.3480526848179863     
   196000.00292062759        6.4217584623105912     
   196800.00293254852        6.4959150035837645     
   197600.00294446945        6.5705226677826092     
   198400.00295639038        6.6455818135387350     
   199200.00296831131        6.7210927989709282     
   200000.00298023224        6.7970559816858502     
   200800.00299215317        6.8734717187783136     
   201600.00300407410        6.9503403668319752     
   202400.00301599503        7.0276622819195307     
   203200.00302791595        7.1054378196030221     
   204000.00303983688        7.1836673349340012     
   204800.00305175781        7.2623511824536084     
   205600.00306367874        7.3414897161927666     
   206400.00307559967        7.4210832896720111     
   207200.00308752060        7.5011322559013456     
   208000.00309944153        7.5816369673802830     
   208800.00311136246        7.6625977760974715     
   209600.00312328339        7.7440150335304567     
   210400.00313520432        7.8258890906454299     
   211200.00314712524        7.9082202978965741     
   212000.00315904617        7.9910090052258251     
   212800.00317096710        8.0742555620622962     
   213600.00318288803        8.1579603173217095     
   214400.00319480896        8.2421236194057137     
   215200.00320672989        8.3267458162013064     
   216000.00321865082        8.4118272550801585     
   216800.00323057175        8.4973682828976429     
   217600.00324249268        8.5833692459922553     
   218400.00325441360        8.6698304901845162     
   219200.00326633453        8.7567523607764173     
   220000.00327825546        8.8441352025500475     
   220800.00329017639        8.9319793597669879     
   221600.00330209732        9.0202851761671141     
   222400.00331401825        9.1090529949675449     
   223200.00332593918        9.1982831588616136     
   224000.00333786011        9.2879760100176672     
   224800.00334978104        9.3781318900778281     
   225600.00336170197        9.4687511401569573     
   226400.00337362289        9.5598341008414103     
   227200.00338554382        9.6513811121876518     
   228000.00339746475        9.7433925137209556     
   228800.00340938568        9.8358686444342354     
   229600.00342130661        9.9288098427865528     
   230400.00343322754        10.022216446701568     
   231200.00344514847        10.116088793566803     
   232000.00345706940        10.210427220231114     
   232800.00346899033        10.305232063004382     
   233600.00348091125        10.400503657655189     
   234400.00349283218        10.496242339409743     
   235200.00350475311        10.592448442949799     
   236000.00351667404        10.689122302411963     
   236800.00352859497        10.786264251385489     
   237600.00354051590        10.883874622910749     
   238400.00355243683        10.981953749477647     
   239200.00356435776        11.080501963023965     
   240000.00357627869        11.179519594933744     
   240800.00358819962        11.279006976035674     
   241600.00360012054        11.378964436601327     
   242400.00361204147        11.479392306343073     
   243200.00362396240        11.580290914412785     
   244000.00363588333        11.681660589400433     
   244800.00364780426        11.783501659331176     
   245600.00365972519        11.885814451664586     
   246400.00367164612        11.988599293292411     
   247200.00368356705        12.091856510536752     
   248000.00369548798        12.195586429148445     
   248800.00370740891        12.299789374305053     
   249600.00371932983        12.404465670608840     
   250400.00373125076        12.509615642085389     
   251200.00374317169        12.615239612181115     
   252000.00375509262        12.721337903761867     
   252800.00376701355        12.827910839110729     
   253600.00377893448        12.934958739926039     
   254400.00379085541        13.042481927319850     
   255200.00380277634        13.150480721815525     
   256000.00381469727        13.258955443345844     
   256800.00382661819        13.367906411251498     
   257600.00383853912        13.477333944278765     
   258400.00385046005        13.587238360577294     
   259200.00386238098        13.697619977698489     
   260000.00387430191        13.808479112593362     
   260800.00388622284        13.919816081610621     
   261600.00389814377        14.031631200494520     
   262400.00391006470        14.143924784382689     
   263200.00392198563        14.256697147804639     
   264000.00393390656        14.369948604679156     
   264800.00394582748        14.483679468312410     
   265600.00395774841        14.597890051396288     
   266400.00396966934        14.712580666005616     
   267200.00398159027        14.827751623596464     
   268000.00399351120        14.943403235004373     
   268800.00400543213        15.059535810441984     
   269600.00401735306        15.176149659496771     
   270400.00402927399        15.293245091129206     
   271200.00404119492        15.410822413670431     
   272000.00405311584        15.528881934820719     
   272800.00406503677        15.647423961646625     
   273600.00407695770        15.766448800579283     
   274400.00408887863        15.885956757412385     
   275200.00410079956        16.005948137299789     
   276000.00411272049        16.126423244753521     
   276800.00412464142        16.247382383641593     
   277600.00413656235        16.368825857186081     
   278400.00414848328        16.490753967960789     
   279200.00416040421        16.613167017889282     
   280000.00417232513        16.736065308242416     
   280800.00418424606        16.859449139636624     
   281600.00419616699        16.983318812031246     
   282400.00420808792        17.107674624727252     
   283200.00422000885        17.232516876364258     
   284000.00423192978        17.357845864918559     
   284800.00424385071        17.483661887701217     
   285600.00425577164        17.609965241355866     
   286400.00426769257        17.736756221856361     
   287200.00427961349        17.864035124504888     
   288000.00429153442        17.991802243929612     
   288800.00430345535        18.120057874082519     
   289600.00431537628        18.248802308237373     
   290400.00432729721        18.378035838987522     
   291200.00433921814        18.507758758243416     
   292000.00435113907        18.637971357231393     
   292800.00436306000        18.768673926490159     
   293600.00437498093        18.899866755869983     
   294400.00438690186        19.031550134529414     
   295200.00439882278        19.163724350933769     
   296000.00441074371        19.296389692852912     
   296800.00442266464        19.429546447358838     
   297600.00443458557        19.563194900823703     
   298400.00444650650        19.697335338917533     
   299200.00445842743        19.831968046606395     
   300000.00447034836        19.967093308149988     
   300800.00448226929        20.102711407098880     
   301600.00449419022        20.238822626294017     
   302400.00450611115        20.375427247862369     
   303200.00451803207        20.512525553216847     
   304000.00452995300        20.650117823052618     
   304800.00454187393        20.788204337345768     
   305600.00455379486        20.926785375351137     
   306400.00456571579        21.065861215599440     
   307200.00457763672        21.205432135896139     
   308000.00458955765        21.345498413318552     
   308800.00460147858        21.486060324214037     
   309600.00461339951        21.627118144197528     
   310400.00462532043        21.768672148149889     
   311200.00463724136        21.910722610215188     
   312000.00464916229        22.053269803799292     
   312800.00466108322        22.196314001566975     
   313600.00467300415        22.339855475440086     
   314400.00468492508        22.483894496595887     
   315200.00469684601        22.628431335463979     
   316000.00470876694        22.773466261724643     
   316800.00472068787        22.918999544307084     
   317600.00473260880        23.065031451386787     
   318400.00474452972        23.211562250383512     
   319200.00475645065        23.358592207959134     
   320000.00476837158        23.506121590015887     
   320800.00478029251        23.654150661693699     
   321600.00479221344        23.802679687368439     
   322400.00480413437        23.951708930649794     
   323200.00481605530        24.101238654379202     
   324000.00482797623        24.251269120627267     
   324800.00483989716        24.401800590692162     
   325600.00485181808        24.552833325097474     
   326400.00486373901        24.704367583589914     
   327200.00487565994        24.856403625137748     
   328000.00488758087        25.008941707927715     
   328800.00489950180        25.161982089363768     
   329600.00491142273        25.315525026064783     
   330400.00492334366        25.469570773862436     
   331200.00493526459        25.624119587798852     
   332000.00494718552        25.779171722125060     
   332800.00495910645        25.934727430298597     
   333600.00497102737        26.090786964981600     
   334400.00498294830        26.247350578038528     
   335200.00499486923        26.404418520534179     
   336000.00500679016        26.561991042731805     
   336800.00501871109        26.720068394091179     
   337600.00503063202        26.878650823265868     
   338400.00504255295        27.037738578101759     
   339200.00505447388        27.197331905634904     
   340000.00506639481        27.357431052089396     
   340800.00507831573        27.518036262875441     
   341600.00509023666        27.679147782587414     
   342400.00510215759        27.840765855001607     
   343200.00511407852        28.002890723074110     
   344000.00512599945        28.165522628939165     
   344800.00513792038        28.328661813907203     
   345600.00514984131        28.492308518462263     
   346400.00516176224        28.656462982260372     
   347200.00517368317        28.821125444127532     
   348000.00518560410        28.986296142057647     
   348800.00519752502        29.151975313210549     
   349600.00520944595        29.318163193910387     
   350400.00522136688        29.484860019642902     
   351200.00523328781        29.652066025053799     
   352000.00524520874        29.819781443947100     
   352800.00525712967        29.988006509282471     
   353600.00526905060        30.156741453173943     
   354400.00528097153        30.325986506887610     
   355200.00529289246        30.495741900839946     
   356000.00530481339        30.666007864595080     
   356800.00531673431        30.836784626864059     
   357600.00532865524        31.008072415501545     
   358400.00534057617        31.179871457505136     
   359200.00535249710        31.352181979012411     
   360000.00536441803        31.525004205299865     
   360800.00537633896        31.698338360780166     
   361600.00538825989        31.872184669001022     
   362400.00540018082        32.046543352642722     
   363200.00541210175        32.221414633516090     
   364000.00542402267        32.396798732561265     
   364800.00543594360        32.572695869845219     
   365600.00544786453        32.749106264560240     
   366400.00545978546        32.926030135021506     
   367200.00547170639        33.103467698665739     
   368000.00548362732        33.281419172049098     
   368800.00549554825        33.459884770845164     
   369600.00550746918        33.638864709843531     
   370400.00551939011        33.818359202947306     
   371200.00553131104        33.998368463171829     
   372000.00554323196        34.178892702642301     
   372800.00555515289        34.359932132592334     
   373600.00556707382        34.541486963361749     
   374400.00557899475        34.723557404395429     
   375200.00559091568        34.906143664240481     
   376000.00560283661        35.089245950545276     
   376800.00561475754        35.272864470057002     
   377600.00562667847        35.456999428620186     
   378400.00563859940        35.641651031174675     
   379200.00565052032        35.826819481754285     
   380000.00566244125        36.012504983484078     
   380800.00567436218        36.198707738579628     
   381600.00568628311        36.385427948344713     
   382400.00569820404        36.572665813169230     
   383200.00571012497        36.760421532527921     
   384000.00572204590        36.948695304978472     
   384800.00573396683        37.137487328159224     
   385600.00574588776        37.326797798788668     
   386400.00575780869        37.516626912662147     
   387200.00576972961        37.706974864651059     
   388000.00578165054        37.897841848700828     
   388800.00579357147        38.089228057829160     
   389600.00580549240        38.281133684124512     
   390400.00581741333        38.473558918743848     
   391200.00582933426        38.666503951911437     
   392000.00584125519        38.859968972916931     
   392800.00585317612        39.053954170113698     
   393600.00586509705        39.248459730916728     
   394400.00587701797        39.443485841801348     
   395200.00588893890        39.639032688302258     
   396000.00590085983        39.835100455009851     
   396800.00591278076        40.031689325570305     
   397600.00592470169        40.228799482683229     
   398400.00593662262        40.426431108099493     
   399200.00594854355        40.624584382620689     
   400000.00596046448        40.823259486096688     
   400800.00597238541        41.022456597424025     
   401600.00598430634        41.222175894544591     
   402400.00599622726        41.422417554443427     
   403200.00600814819        41.623181753147762     
   404000.00602006912        41.824468665724808     
   404800.00603199005        42.026278466280530     
   405600.00604391098        42.228611327957843     
   406400.00605583191        42.431467422934517     
   407200.00606775284        42.634846922422575     
   408000.00607967377        42.838749996665925     
   408800.00609159470        43.043176814939059     
   409600.00610351562        43.248127545545216     
   410400.00611543655        43.453602355815264     
   411200.00612735748        43.659601412105332     
   412000.00613927841        43.866124879796097     
   412800.00615119934        44.073172923290748     
   413600.00616312027        44.280745706013292     
   414400.00617504120        44.488843390407283     
   415200.00618696213        44.697466137934249     
   416000.00619888306        44.906614109071874     
   416800.00621080399        45.116287463313007     
   417600.00622272491        45.326486359163368     
   418400.00623464584        45.537210954140683     
   419200.00624656677        45.748461404772968     
   420000.00625848770        45.960237866596273     
   420800.00627040863        46.172540494154731     
   421600.00628232956        46.385369440997607     
   422400.00629425049        46.598724859678626     
   423200.00630617142        46.812606901754030     
   424000.00631809235        47.027015717781467     
   424800.00633001328        47.241951457317811     
   425600.00634193420        47.457414268918754     
   426400.00635385513        47.673404300136539     
   427200.00636577606        47.889921697518758     
   428000.00637769699        48.106966606606861     
   428800.00638961792        48.324539171934731     
   429600.00640153885        48.542639537027014     
   430400.00641345978        48.761267844398404     
   431200.00642538071        48.980424235551396     
   432000.00643730164        49.200108850975013     
   432800.00644922256        49.420321830143578     
   433600.00646114349        49.641063311515602     
   434400.00647306442        49.862333432531720     
   435200.00648498535        50.084132329613794     
   436000.00649690628        50.306460138163388     
   436800.00650882721        50.529316992560268     
   437600.00652074814        50.752703026161029     
   438400.00653266907        50.976618371297789     
   439200.00654459000        51.201063159277126     
   440000.00655651093        51.426037520378074     
   440800.00656843185        51.651541583851191     
   441600.00658035278        51.877575477917269     
   442400.00659227371        52.104139329765836     
   443200.00660419464        52.331233265553742     
   444000.00661611557        52.558857410404102     
   444800.00662803650        52.787011888404550     
   445600.00663995743        53.015696822606216     
   446400.00665187836        53.244912335023102     
   447200.00666379929        53.474658546629236     
   448000.00667572021        53.704935577358540     
   448800.00668764114        53.935743546103225     
   449600.00669956207        54.167082570712239     
   450400.00671148300        54.398952767990643     
   451200.00672340393        54.631354253697779     
   452000.00673532486        54.864287142546253     
   452800.00674724579        55.097751548200691     
   453600.00675916672        55.331747583276176     
   454400.00677108765        55.566275359337254     
   455200.00678300858        55.801334986897103     
   456000.00679492950        56.036926575415507     
   456800.00680685043        56.273050233298534     
   457600.00681877136        56.509706067895387     
   458400.00683069229        56.746894185500636     
   459200.00684261322        56.984614691349812     
   460000.00685453415        57.222867689619619     
   460800.00686645508        57.461653283426578     
   461600.00687837601        57.700971574825743     
   462400.00689029694        57.940822664809566     
   463200.00690221786        58.181206653307115     
   464000.00691413879        58.422123639181848     
   464800.00692605972        58.663573720232066     
   465600.00693798065        58.905556993187830     
   466400.00694990158        59.148073553712216     
   467200.00696182251        59.391123496397221     
   468000.00697374344        59.634706914765232     
   468800.00698566437        59.878823901267126     
   469600.00699758530        60.123474547280253     
   470400.00700950623        60.368658943108443     
   471200.00702142715        60.614377177980472     
   472000.00703334808        60.860629340048590     
   472800.00704526901        61.107415516388471     
   473600.00705718994        61.354735792996934     
   474400.00706911087        61.602590254791970     
   475200.00708103180        61.850978985610588     
   476000.00709295273        62.099902068208813     
   476800.00710487366        62.349359584261144     
   477600.00711679459        62.599351614354489     
   478400.00712871552        62.849878237995682     
   479200.00714063644        63.100939533604119     
   480000.00715255737        63.352535578512430     
   480800.00716447830        63.604666448965844     
   481600.00717639923        63.857332220120988     
   482400.00718832016        64.110532966044332     
   483200.00720024109        64.364268759712076     
   484000.00721216202        64.618539673008868     
   484800.00722408295        64.873345776726467     
   485600.00723600388        65.128687140563201     
   486400.00724792480        65.384563833121831     
   487200.00725984573        65.640975921911448     
   488000.00727176666        65.897923473343099     
   488800.00728368759        66.155406552731066     
   489600.00729560852        66.413425224290492     
   490400.00730752945        66.671979551139103     
   491200.00731945038        66.931069595292428     
   492000.00733137131        67.190695417665594     
   492800.00734329224        67.450857078071692     
   493600.00735521317        67.711554635220693     
   494400.00736713409        67.972788146719012     
   495200.00737905502        68.234557669067968     
   496000.00739097595        68.496863257663350     
   496800.00740289688        68.759704966794601     
   497600.00741481781        69.023082849643686     
   498400.00742673874        69.286996958284590     
   499200.00743865967        69.551447343681957     
   500000.00745058060        69.816434055690365     
   500800.00746250153        70.081957143054041     
   501600.00747442245        70.348016653405452     
   502400.00748634338        70.614612633264613     
   503200.00749826431        70.881745128038276     
   504000.00751018524        71.149414182019456     
   504800.00752210617        71.417619838385690     
   505600.00753402710        71.686362139198380     
   506400.00754594803        71.955641125406217     
   507200.00755786896        72.225456836835605     
   508000.00756978989        72.495809312197778     
   508800.00758171082        72.766698589084797     
   509600.00759363174        73.038124703968975     
   510400.00760555267        73.310087692202814     
   511200.00761747360        73.582587588017304     
   512000.00762939453        73.855624424521892     
   512800.00764131546        74.129198233703789     
   513600.00765323639        74.403309046426855     
   514400.00766515732        74.677956892430799     
   515200.00767707825        74.953141800330840     
   516000.00768899918        75.228863797616881     
   516800.00770092010        75.505122910653810     
   517600.00771284103        75.781919164678456     
   518400.00772476196        76.059252583800586     
   519200.00773668289        76.337123191002249     
   520000.00774860382        76.615531008136472     
   520800.00776052475        76.894476055927740     
   521600.00777244568        77.173958353969596     
   522400.00778436661        77.453977920725166     
   523200.00779628754        77.734534773526377     
   524000.00780820847        78.015628928573051     
   524800.00782012939        78.297260400933041     
   525600.00783205032        78.579429204540560     
   526400.00784397125        78.862135352196006     
   527200.00785589218        79.145378855565795     
   528000.00786781311        79.429159725180767     
   528800.00787973404        79.713477970438291     
   529600.00789165497        79.998333599596066     
   530400.00790357590        80.283726619777710     
   531200.00791549683        80.569657036969247     
   532000.00792741776        80.856124856018525     
   532800.00793933868        81.143130080635302     
   533600.00795125961        81.430672713390337     
   534400.00796318054        81.718752755715130     
   535200.00797510147        82.007370207900863     
   536000.00798702240        82.296525069098692     
   536800.00799894333        82.586217337318573     
   537600.00801086426        82.876447009429455     
   538400.00802278519        83.167214081158164     
   539200.00803470612        83.458518547088431     
   540000.00804662704        83.750360400661876     
   540800.00805854797        84.042739634176328     
   541600.00807046890        84.335656238785901     
   542400.00808238983        84.629110204500535     
   543200.00809431076        84.923101520185142     
   544000.00810623169        85.217630173559741     
   544800.00811815262        85.512696151198725     
   545600.00813007355        85.808299438529772     
   546400.00814199448        86.104440019834968     
   547200.00815391541        86.401117878248840     
   548000.00816583633        86.698332995758861     
   548800.00817775726        86.996085353205231     
   549600.00818967819        87.294374930279133     
   550400.00820159912        87.593201705524194     
   551200.00821352005        87.892565656334867     
   552000.00822544098        88.192466758955987     
   552800.00823736191        88.492904988483332     
   553600.00824928284        88.793880318862563     
   554400.00826120377        89.095392722889486     
   555200.00827312469        89.397442172208727     
   556000.00828504562        89.700028637314077     
   556800.00829696655        90.003152087547974     
   557600.00830888748        90.306812491102249     
   558400.00832080841        90.611009815015365     
   559200.00833272934        90.915744025174803     
   560000.00834465027        91.221015086315091     
   560800.00835657120        91.526822962017818     
   561600.00836849213        91.833167614711797     
   562400.00838041306        92.140049005672807     
   563200.00839233398        92.447467095022560     
   564000.00840425491        92.755421841729131     
   564800.00841617584        93.063913203606532     
   565600.00842809677        93.372941137314726     
   566400.00844001770        93.682505598358617     
   567200.00845193863        93.992606541088932     
   568000.00846385956        94.303243918700986     
   568800.00847578049        94.614417683235260     
   569600.00848770142        94.926127785572419     
   570400.00849962234        95.238374175448868     
   571200.00851154327        95.551156801436051     
   572000.00852346420        95.864475610950407     
   572800.00853538513        96.178330550253619     
   573600.00854730606        96.492721564451116     
   574400.00855922699        96.807648597491379     
   575200.00857114792        97.123111592166794     
   576000.00858306885        97.439110490112725     
   576800.00859498978        97.755645231807861     
   577600.00860691071        98.072715756573814     
   578400.00861883163        98.390322002575246     
   579200.00863075256        98.708463906819318     
   580000.00864267349        99.027141405156115     
   580800.00865459442        99.346354432278204     
   581600.00866651535        99.666102921720551     
   582400.00867843628        99.986386805860889     
   583200.00869035721        100.30720601591901     
   584000.00870227814        100.62856048195709     
   584800.00871419907        100.95045013287957     
   585600.00872612000        101.27287489643292     
   586400.00873804092        101.59583469920567     
   587200.00874996185        101.91932946662904     
   588000.00876188278        102.24335912297569     
   588800.00877380371        102.56792359136044     
   589600.00878572464        102.89302279374061     
   590400.00879764557        103.21865665091504     
   591200.00880956650        103.54482508252489     
   592000.00882148743        103.87152800705293     
   592800.00883340836        104.19876534182507     
   593600.00884532928        104.52653700300823     
   594400.00885725021        104.85484290561169     
   595200.00886917114        105.18368296348744     
   596000.00888109207        105.51305708932931     
   596800.00889301300        105.84296519467337     
   597600.00890493393        106.17340718989810     
   598400.00891685486        106.50438298422446     
   599200.00892877579        106.83589248571589     
   600000.00894069672        107.16793560127856     
   600800.00895261765        107.50051223666101     
   601600.00896453857        107.83362229645472     
   602400.00897645950        108.16726568409432     
   603200.00898838043        108.50144230185717     
   604000.00900030136        108.83615205086380     
   604800.00901222229        109.17139483107817     
   605600.00902414322        109.50717054130762     
   606400.00903606415        109.84347907920321     
   607200.00904798508        110.18032034125896     
   608000.00905990601        110.51769422281370     
   608800.00907182693        110.85560061804993     
   609600.00908374786        111.19403941999454     
   610400.00909566879        111.53301052051862     
   611200.00910758972        111.87251381033821     
   612000.00911951065        112.21254917901385     
   612800.00913143158        112.55311651495140     
   613600.00914335251        112.89421570540176     
   614400.00915527344        113.23584663646143     
   615200.00916719437        113.57800919307263     
   616000.00917911530        113.92070325902360     
   616800.00919103622        114.26392871694844     
   617600.00920295715        114.60768544832821     
   618400.00921487808        114.95197333349030     
   619200.00922679901        115.29679225160939     
   620000.00923871994        115.64214208070726     
   620800.00925064087        115.98802269765318     
   621600.00926256180        116.33443397816463     
   622400.00927448273        116.68137579680675     
   623200.00928640366        117.02884802699377     
   624000.00929832458        117.37685054098799     
   624800.00931024551        117.72538320990132     
   625600.00932216644        118.07444590369505     
   626400.00933408737        118.42403849117943     
   627200.00934600830        118.77416084001729     
   628000.00935792923        119.12481281671911     
   628800.00936985016        119.47599428664751     
   629600.00938177109        119.82770511401642     
   630400.00939369202        120.17994516189101     
   631200.00940561295        120.53271429218846     
   632000.00941753387        120.88601236567871     
   632800.00942945480        121.23983924198401     
   633600.00944137573        121.59419477958039     
   634400.00945329666        121.94907883579685     
   635200.00946521759        122.30449126681663     
   636000.00947713852        122.66043192767751     
   636800.00948905945        123.01690067227243     
   637600.00950098038        123.37389735334916     
   638400.00951290131        123.73142182251198     
   639200.00952482224        124.08947393022083     
   640000.00953674316        124.44805352579229     
   640800.00954866409        124.80716045740058     
   641600.00956058502        125.16679457207773     
   642400.00957250595        125.52695571571367     
   643200.00958442688        125.88764373305710     
   644000.00959634781        126.24885846771602     
   644800.00960826874        126.61059976215779     
   645600.00962018967        126.97286745771065     
   646400.00963211060        127.33566139456285     
   647200.00964403152        127.69898141176454     
   648000.00965595245        128.06282734722743     
   648800.00966787338        128.42719903772624     
   649600.00967979431        128.79209631889788     
   650400.00969171524        129.15751902524315     
   651200.00970363617        129.52346699012716     
   652000.00971555710        129.88994004577950     
   652800.00972747803        130.25693802329511     
   653600.00973939896        130.62446075263477     
   654400.00975131989        130.99250806262594     
   655200.00976324081        131.36107978096302     
   656000.00977516174        131.73017573420850     
   656800.00978708267        132.09979574779294     
   657600.00979900360        132.46993964601586     
   658400.00981092453        132.84060725204642     
   659200.00982284546        133.21179838792449     
   660000.00983476639        133.58351287456037     
   660800.00984668732        133.95575053173664     
   661600.00985860825        134.32851117810773     
   662400.00987052917        134.70179463120135     
   663200.00988245010        135.07560070741872     
   664000.00989437103        135.44992922203551     
   664800.00990629196        135.82477998920226     
   665600.00991821289        136.20015282194584     
   666400.00993013382        136.57604753216910     
   667200.00994205475        136.95246393065278     
   668000.00995397568        137.32940182705508     
   668800.00996589661        137.70686102991314     
   669600.00997781754        138.08484134664349     
   670400.00998973846        138.46334258354307     
   671200.01000165939        138.84236454578976     
   672000.01001358032        139.22190703744346     
   672800.01002550125        139.60196986144615     
   673600.01003742218        139.98255281962338     
   674400.01004934311        140.36365571268109     
   675200.01006126404        140.74527834022356     
   676000.01007318497        141.12742050072492     
   676800.01008510590        141.51008199155285     
   677600.01009702682        141.89326260896235     
   678400.01010894775        142.27696214809635     
   679200.01012086868        142.66118040298647     
   680000.01013278961        143.04591716655506     
   680800.01014471054        143.43117223061441     
   681600.01015663147        143.81694538586896     
   682400.01016855240        144.20323642191568     
   683200.01018047333        144.59004512724511     
   684000.01019239426        144.97737128924152     
   684800.01020431519        145.36521469418474     
   685600.01021623611        145.75357512725097     
   686400.01022815704        146.14245237251313     
   687200.01024007797        146.53184621294193     
   688000.01025199890        146.92175643040719     
   688800.01026391983        147.31218280567856     
   689600.01027584076        147.70312511842630     
   690400.01028776169        148.09458314722238     
   691200.01029968262        148.48655666954127     
   692000.01031160355        148.87904546176111     
   692800.01032352448        149.27204929916451     
   693600.01033544540        149.66556795594011     
   694400.01034736633        150.05960120518273     
   695200.01035928726        150.45414881889403     
   696000.01037120819        150.84921056798504     
   696800.01038312912        151.24478622227633     
   697600.01039505005        151.64087555049855     
   698400.01040697098        152.03747832029418     
   699200.01041889191        152.43459429821820     
   700000.01043081284        152.83222324973929     
   700800.01044273376        153.23036493924033     
   701600.01045465469        153.62901913002051     
   702400.01046657562        154.02818558429553     
   703200.01047849655        154.42786406319891     
   704000.01049041748        154.82805432678344     
   704800.01050233841        155.22875613402110     
   705600.01051425934        155.62996924280549     
   706400.01052618027        156.03169340995279     
   707200.01053810120        156.43392839120116     
   708000.01055002213        156.83667394121434     
   708800.01056194305        157.23992981358134     
   709600.01057386398        157.64369576081702     
   710400.01058578491        158.04797153436505     
   711200.01059770584        158.45275688459751     
   712000.01060962677        158.85805156081616     
   712800.01062154770        159.26385531125467     
   713600.01063346863        159.67016788307848     
   714400.01064538956        160.07698902238698     
   715200.01065731049        160.48431847421438     
   716000.01066923141        160.89215598252994     
   716800.01068115234        161.30050129024039     
   717600.01069307327        161.70935413919128     
   718400.01070499420        162.11871427016692     
   719200.01071691513        162.52858142289278     
   720000.01072883606        162.93895533603546     
   720800.01074075699        163.34983574720607     
   721600.01075267792        163.76122239295898     
   722400.01076459885        164.17311500879450     
   723200.01077651978        164.58551332915962     
   724000.01078844070        164.99841708744950     
   724800.01080036163        165.41182601600875     
   725600.01081228256        165.82573984613313     
   726400.01082420349        166.24015830806897     
   727200.01083612442        166.65508113101714     
   728000.01084804535        167.07050804313263     
   728800.01085996628        167.48643877152591     
   729600.01087188721        167.90287304226476     
   730400.01088380814        168.31981058037553     
   731200.01089572906        168.73725110984373     
   732000.01090764999        169.15519435361659     
   732800.01091957092        169.57364003360271     
   733600.01093149185        169.99258787067700     
   734400.01094341278        170.41203758467654     
   735200.01095533371        170.83198889440595     
   736000.01096725464        171.25244151763800     
   736800.01097917557        171.67339517111409     
   737600.01099109650        172.09484957054661     
   738400.01100301743        172.51680443061983     
   739200.01101493835        172.93925946499147     
   740000.01102685928        173.36221438629300     
   740800.01103878021        173.78566890613331     
   741600.01105070114        174.20962273509807     
   742400.01106262207        174.63407558275213     
   743200.01107454300        175.05902715764091     
   744000.01108646393        175.48447716729166     
   744800.01109838486        175.91042531821483     
   745600.01111030579        176.33687131590551     
   746400.01112222672        176.76381486484493     
   747200.01113414764        177.19125566850283     
   748000.01114606857        177.61919342933609     
   748800.01115798950        178.04762784879392     
   749600.01116991043        178.47655862731710     
   750400.01118183136        178.90598546434026     
   751200.01119375229        179.33590805829297     
   752000.01120567322        179.76632610660045     
   752800.01121759415        180.19723930568722     
   753600.01122951508        180.62864735097705     
   754400.01124143600        181.06054993689457     
   755200.01125335693        181.49294675686727     
   756000.01126527786        181.92583750332696     
   756800.01127719879        182.35922186771117     
   757600.01128911972        182.79309954046548     
   758400.01130104065        183.22747021104158     
   759200.01131296158        183.66233356790443     
   760000.01132488251        184.09768929853004     
   760800.01133680344        184.53353708940813     
   761600.01134872437        184.96987662604377     
   762400.01136064529        185.40670759295827     
   763200.01137256622        185.84402967369178     
   764000.01138448715        186.28184255080407     
   764800.01139640808        186.72014590587708     
   765600.01140832901        187.15893941951529     
   766400.01142024994        187.59822277134839     
   767200.01143217087        188.03799564003268     
   768000.01144409180        188.47825770325213     
   768800.01145601273        188.91900863772145     
   769600.01146793365        189.36024811918571     
   770400.01147985458        189.80197582242371     
   771200.01149177551        190.24419142124890     
   772000.01150369644        190.68689458851074     
   772800.01151561737        191.13008499609785     
   773600.01152753830        191.57376231493788     
   774400.01153945923        192.01792621499996     
   775200.01155138016        192.46257636529691     
   776000.01156330109        192.90771243388653     
   776800.01157522202        193.35333408787278     
   777600.01158714294        193.79944099340861     
   778400.01159906387        194.24603281569676     
   779200.01161098480        194.69310921899154     
   780000.01162290573        195.14066986660129     
   780800.01163482666        195.58871442088952     
   781600.01164674759        196.03724254327727     
   782400.01165866852        196.48625389424421     
   783200.01167058945        196.93574813333018     
   784000.01168251038        197.38572491913826     
   784800.01169443130        197.83618390933552     
   785600.01170635223        198.28712476065422     
   786400.01171827316        198.73854712889590     
   787200.01173019409        199.19045066893042     
   788000.01174211502        199.64283503470003     
   788800.01175403595        200.09569987921944     
   789600.01176595688        200.54904485457899     
   790400.01177787781        201.00286961194595     
   791200.01178979874        201.45717380156594     
   792000.01180171967        201.91195707276503     
   792800.01181364059        202.36721907395250     
   793600.01182556152        202.82295945262118     
   794400.01183748245        203.27917785535041     
   795200.01184940338        203.73587392780757     
   796000.01186132431        204.19304731475034     
   796800.01187324524        204.65069766002770     
   797600.01188516617        205.10882460658181     
   798400.01189708710        205.56742779645157     
   799200.01190900803        206.02650687077249     
   800000.01192092896        206.48606146977920     
