   0.0000000000000000        19.380541451946311     
   800.00001192092896        19.004817028214518     
   1600.0000238418579        18.831373432058502     
   2400.0000357627869        18.715531792556735     
   3200.0000476837158        18.627827681239424     
   4000.0000596046448        18.556961642788934     
   4800.0000715255737        18.497359453126602     
   5600.0000834465027        18.445847956416053     
   6400.0000953674316        18.400443362303864     
   7200.0001072883606        18.359820206898426     
   8000.0001192092896        18.323047739350830     
   8800.0001311302185        18.289446636899676     
   9600.0001430511475        18.258505534196676     
   10400.000154972076        18.229829657021703     
   11200.000166893005        18.203107773404422     
   12000.000178813934        18.178090130935811     
   12800.000190734863        18.154573263284270     
   13600.000202655792        18.132389245943973     
   14400.000214576721        18.111397922473309     
   15200.000226497650        18.091481166938372     
   16000.000238418579        18.072538574869156     
   16800.000250339508        18.054484177258910     
   17600.000262260437        18.037243900904805     
   18400.000274181366        18.020753582450030     
   19200.000286102295        18.004957399604365     
   20000.000298023224        17.989806621246956     
   20800.000309944153        17.975258604640072     
   21600.000321865082        17.961275986703981     
   22400.000333786011        17.947826029728372     
   23200.000345706940        17.934880091669466     
   24000.000357627869        17.922413198400907     
   24800.000369548798        17.910403700694843     
   25600.000381469727        17.898833002818332     
   26400.000393390656        17.887685352794175     
   27200.000405311584        17.876947686843170     
   28000.000417232513        17.866609522468721     
   28800.000429153442        17.856662896182694     
   29600.000441074371        17.847102343076276     
   30400.000452995300        17.837924916348179     
   31200.000464916229        17.829130245513078     
   32000.000476837158        17.820720632283592     
   32800.000488758087        17.812701182954914     
   33600.000500679016        17.805079975360407     
   34400.000512599945        17.797868256850521     
   35200.000524520874        17.791080666886401     
   36000.000536441803        17.784735473154559     
   36800.000548362732        17.778854802760442     
   37600.000560283661        17.773464838849748     
   38400.000572204590        17.768595936265477     
   39200.000584125519        17.764282585307914     
   40000.000596046448        17.760563117374378     
   40800.000607967377        17.757478996637030     
   41600.000619888306        17.755073474183110     
   42400.000631809235        17.753389292432576     
   43200.000643730164        17.752465019348371     
   44000.000655651093        17.752329475205677     
   44800.000667572021        17.752993622420863     
   45600.000679492950        17.754439295657320     
   46400.000691413879        17.756604399734186     
   47200.000703334808        17.759364938458276     
   48000.000715255737        17.762515782337822     
   48800.000727176666        17.765754688752924     
   49600.000739097595        17.768677488147677     
   50400.000751018524        17.770794990801605     
   51200.000762939453        17.771580698560946     
   52000.000774860382        17.770549057299466     
   52800.000786781311        17.767347213778727     
   53600.000798702240        17.761828405772587     
   54400.000810623169        17.754076394532490     
   55200.000822544098        17.744371879487247     
   56000.000834465027        17.733119119376092     
   56800.000846385956        17.720764175480834     
   57600.000858306885        17.707729938173674     
   58400.000870227814        17.694377739138410     
   59200.000882148743        17.680992876757141     
   60000.000894069672        17.667786146266501     
   60800.000905990601        17.654903622755000     
   61600.000917911530        17.642439250092671     
   62400.000929832458        17.630447158848643     
   63200.000941753387        17.618952325196886     
   64000.000953674316        17.607959169619587     
   64800.000965595245        17.597458184393545     
   65600.000977516174        17.587430876166152     
   66400.000989437103        17.577853355443402     
   67200.001001358032        17.568698881413031     
   68000.001013278961        17.559939622041014     
   68800.001025199890        17.551547836915411     
   69600.001037120819        17.543496642860184     
   70400.001049041748        17.535760482863470     
   71200.001060962677        17.528315387543312     
   72000.001072883606        17.521139094263301     
   72800.001084804535        17.514211070833799     
   73600.001096725464        17.507512477240763     
   74400.001108646393        17.501026088946414     
   75200.001120567322        17.494736198119206     
   76000.001132488251        17.488628503978035     
   76800.001144409180        17.482689999745098     
   77600.001156330109        17.476908861091200     
   78400.001168251038        17.471274339128797     
   79200.001180171967        17.465776659741451     
   80000.001192092896        17.460406930173342     
   80800.001204013824        17.455157053222543     
   81600.001215934753        17.450019649002520     
   82400.001227855682        17.444987983997432     
   83200.001239776611        17.440055906995141     
   84000.001251697540        17.435217791406277     
   84800.001263618469        17.430468483446884     
   85600.001275539398        17.425803255660281     
   86400.001287460327        17.421217765270757     
   87200.001299381256        17.416708016889370     
   88000.001311302185        17.412270329126144     
   88800.001323223114        17.407901304699433     
   89600.001335144043        17.403597803670124     
   90400.001347064972        17.399356919464275     
   91200.001358985901        17.395175957381738     
   92000.001370906830        17.391052415319940     
   92800.001382827759        17.386983966470982     
   93600.001394748688        17.382968443776704     
   94400.001406669617        17.379003825950075     
   95200.001418590546        17.375088224892735     
   96000.001430511475        17.371219874357553     
   96800.001442432404        17.367397119722138     
   97600.001454353333        17.363618408754398     
   98400.001466274261        17.359882283264533     
   99200.001478195190        17.356187371549950     
   100000.00149011612        17.352532381549857     
   100800.00150203705        17.348916094635808     
   101600.00151395798        17.345337359972593     
   102400.00152587891        17.341795089391141     
   103200.00153779984        17.338288252721568     
   104000.00154972076        17.334815873540165     
   104800.00156164169        17.331377025289139     
   105600.00157356262        17.327970827732393     
   106400.00158548355        17.324596443714569     
   107200.00159740448        17.321253076194012     
   108000.00160932541        17.317939965523490     
   108800.00162124634        17.314656386955217     
   109600.00163316727        17.311401648349094     
   110400.00164508820        17.308175088065383     
   111200.00165700912        17.304976073024822     
   112000.00166893005        17.301803996920995     
   112800.00168085098        17.298658278571253     
   113600.00169277191        17.295538360393834     
   114400.00170469284        17.292443707000103     
   115200.00171661377        17.289373803891849     
   116000.00172853470        17.286328156254569     
   116800.00174045563        17.283306287838606     
   117600.00175237656        17.280307739920637     
   118400.00176429749        17.277332070338851     
   119200.00177621841        17.274378852595746     
   120000.00178813934        17.271447675022937     
   120800.00180006027        17.268538140003038     
   121600.00181198120        17.265649863243979     
   122400.00182390213        17.262782473101669     
   123200.00183582306        17.259935609947160     
   124000.00184774399        17.257108925574876     
   124800.00185966492        17.254302082648792     
   125600.00187158585        17.251514754183614     
   126400.00188350677        17.248746623058388     
   127200.00189542770        17.245997381560112     
   128000.00190734863        17.243266730955121     
   128800.00191926956        17.240554381086248     
   129600.00193119049        17.237860049993916     
   130400.00194311142        17.235183463559416     
   131200.00195503235        17.232524355168831     
   132000.00196695328        17.229882465396198     
   132800.00197887421        17.227257541704503     
   133600.00199079514        17.224649338163363     
   134400.00200271606        17.222057615182248     
   135200.00201463699        17.219482139258158     
   136000.00202655792        17.216922682736900     
   136800.00203847885        17.214379023586940     
   137600.00205039978        17.211850945185144     
   138400.00206232071        17.209338236113577     
   139200.00207424164        17.206840689966651     
   140000.00208616257        17.204358105168009     
   140800.00209808350        17.201890284796541     
   141600.00211000443        17.199437036420914     
   142400.00212192535        17.196998171942184     
   143200.00213384628        17.194573507443934     
   144000.00214576721        17.192162863049504     
   144800.00215768814        17.189766062785935     
   145600.00216960907        17.187382934454195     
   146400.00218153000        17.185013309505312     
   147200.00219345093        17.182657022922143     
   148000.00220537186        17.180313913106385     
   148800.00221729279        17.177983821770574     
   149600.00222921371        17.175666593834809     
   150400.00224113464        17.173362077327887     
   151200.00225305557        17.171070123292676     
   152000.00226497650        17.168790585695454     
   152800.00227689743        17.166523321339028     
   153600.00228881836        17.164268189779403     
   154400.00230073929        17.162025053245856     
   155200.00231266022        17.159793776564207     
   156000.00232458115        17.157574227083153     
   156800.00233650208        17.155366274603473     
   157600.00234842300        17.153169791309999     
   158400.00236034393        17.150984651706192     
   159200.00237226486        17.148810732551208     
   160000.00238418579        17.146647912799310     
   160800.00239610672        17.144496073541561     
   161600.00240802765        17.142355097949633     
   162400.00241994858        17.140224871221669     
   163200.00243186951        17.138105280530098     
   164000.00244379044        17.135996214971293     
   164800.00245571136        17.133897565517021     
   165600.00246763229        17.131809224967572     
   166400.00247955322        17.129731087906503     
   167200.00249147415        17.127663050656928     
   168000.00250339508        17.125605011239301     
   168800.00251531601        17.123556869330599     
   169600.00252723694        17.121518526224843     
   170400.00253915787        17.119489884794937     
   171200.00255107880        17.117470849455742     
   172000.00256299973        17.115461326128322     
   172800.00257492065        17.113461222205334     
   173600.00258684158        17.111470446517533     
   174400.00259876251        17.109488909301295     
   175200.00261068344        17.107516522167149     
   176000.00262260437        17.105553198069277     
   176800.00263452530        17.103598851275962     
   177600.00264644623        17.101653397340879     
   178400.00265836716        17.099716753075292     
   179200.00267028809        17.097788836521037     
   180000.00268220901        17.095869566924314     
   180800.00269412994        17.093958864710224     
   181600.00270605087        17.092056651458073     
   182400.00271797180        17.090162849877331     
   183200.00272989273        17.088277383784309     
   184000.00274181366        17.086400178079483     
   184800.00275373459        17.084531158725436     
   185600.00276565552        17.082670252725411     
   186400.00277757645        17.080817388102471     
   187200.00278949738        17.078972493879192     
   188000.00280141830        17.077135500057921     
   188800.00281333923        17.075306337601575     
   189600.00282526016        17.073484938414907     
   190400.00283718109        17.071671235326303     
   191200.00284910202        17.069865162070034     
   192000.00286102295        17.068066653268982     
   192800.00287294388        17.066275644417779     
   193600.00288486481        17.064492071866411     
   194400.00289678574        17.062715872804215     
   195200.00290870667        17.060946985244286     
   196000.00292062759        17.059185348008260     
   196800.00293254852        17.057430900711488     
   197600.00294446945        17.055683583748575     
   198400.00295639038        17.053943338279247     
   199200.00296831131        17.052210106214588     
   200000.00298023224        17.050483830203600     
   200800.00299215317        17.048764453620070     
   201600.00300407410        17.047051920549755     
   202400.00301599503        17.045346175777890     
   203200.00302791595        17.043647164776942     
   204000.00303983688        17.041954833694700     
   204800.00305175781        17.040269129342597     
   205600.00306367874        17.038589999184325     
   206400.00307559967        17.036917391324696     
   207200.00308752060        17.035251254498771     
   208000.00309944153        17.033591538061202     
   208800.00311136246        17.031938191975851     
   209600.00312328339        17.030291166805608     
   210400.00313520432        17.028650413702437     
   211200.00314712524        17.027015884397677     
   212000.00315904617        17.025387531192489     
   212800.00317096710        17.023765306948572     
   213600.00318288803        17.022149165079036     
   214400.00319480896        17.020539059539498     
   215200.00320672989        17.018934944819343     
   216000.00321865082        17.017336775933188     
   216800.00323057175        17.015744508412528     
   217600.00324249268        17.014158098297518     
   218400.00325441360        17.012577502128998     
   219200.00326633453        17.011002676940599     
   220000.00327825546        17.009433580251070     
   220800.00329017639        17.007870170056751     
   221600.00330209732        17.006312404824168     
   222400.00331401825        17.004760243482821     
   223200.00332593918        17.003213645418079     
   224000.00333786011        17.001672570464248     
   224800.00334978104        17.000136978897757     
   225600.00336170197        16.998606831430482     
   226400.00337362289        16.997082089203200     
   227200.00338554382        16.995562713779183     
   228000.00339746475        16.994048667137903     
   228800.00340938568        16.992539911668857     
   229600.00342130661        16.991036410165528     
   230400.00343322754        16.989538125819447     
   231200.00344514847        16.988045022214362     
   232000.00345706940        16.986557063320550     
   232800.00346899033        16.985074213489192     
   233600.00348091125        16.983596437446874     
   234400.00349283218        16.982123700290220     
   235200.00350475311        16.980655967480569     
   236000.00351667404        16.979193204838783     
   236800.00352859497        16.977735378540149     
   237600.00354051590        16.976282455109388     
   238400.00355243683        16.974834401415706     
   239200.00356435776        16.973391184667992     
   240000.00357627869        16.971952772410067     
   240800.00358819962        16.970519132516035     
   241600.00360012054        16.969090233185703     
   242400.00361204147        16.967666042940110     
   243200.00362396240        16.966246530617088     
   244000.00363588333        16.964831665366958     
   244800.00364780426        16.963421416648256     
   245600.00365972519        16.962015754223554     
   246400.00367164612        16.960614648155367     
   247200.00368356705        16.959218068802091     
   248000.00369548798        16.957825986814054     
   248800.00370740891        16.956438373129604     
   249600.00371932983        16.955055198971298     
   250400.00373125076        16.953676435842105     
   251200.00374317169        16.952302055521724     
   252000.00375509262        16.950932030062937     
   252800.00376701355        16.949566331788031     
   253600.00377893448        16.948204933285286     
   254400.00379085541        16.946847807405494     
   255200.00380277634        16.945494927258583     
   256000.00381469727        16.944146266210250     
   256800.00382661819        16.942801797878687     
   257600.00383853912        16.941461496131325     
   258400.00385046005        16.940125335081667     
   259200.00386238098        16.938793289086153     
   260000.00387430191        16.937465332741070     
   260800.00388622284        16.936141440879531     
   261600.00389814377        16.934821588568493     
   262400.00391006470        16.933505751105812     
   263200.00392198563        16.932193904017364     
   264000.00393390656        16.930886023054210     
   264800.00394582748        16.929582084189789     
   265600.00395774841        16.928282063617161     
   266400.00396966934        16.926985937746320     
   267200.00398159027        16.925693683201512     
   268000.00399351120        16.924405276818614     
   268800.00400543213        16.923120695642549     
   269600.00401735306        16.921839916924743     
   270400.00402927399        16.920562918120627     
   271200.00404119492        16.919289676887171     
   272000.00405311584        16.918020171080450     
   272800.00406503677        16.916754378753254     
   273600.00407695770        16.915492278152744     
   274400.00408887863        16.914233847718126     
   275200.00410079956        16.912979066078371     
   276000.00411272049        16.911727912049958     
   276800.00412464142        16.910480364634680     
   277600.00413656235        16.909236403017445     
   278400.00414848328        16.907996006564129     
   279200.00416040421        16.906759154819461     
   280000.00417232513        16.905525827504949     
   280800.00418424606        16.904296004516809     
   281600.00419616699        16.903069665923951     
   282400.00420808792        16.901846791965976     
   283200.00422000885        16.900627363051218     
   284000.00423192978        16.899411359754808     
   284800.00424385071        16.898198762816762     
   285600.00425577164        16.896989553140099     
   286400.00426769257        16.895783711788990     
   287200.00427961349        16.894581219986932     
   288000.00429153442        16.893382059114945     
   288800.00430345535        16.892186210709795     
   289600.00431537628        16.890993656462253     
   290400.00432729721        16.889804378215359     
   291200.00433921814        16.888618357962734     
   292000.00435113907        16.887435577846887     
   292800.00436306000        16.886256020157578     
   293600.00437498093        16.885079667330182     
   294400.00438690186        16.883906501944082     
   295200.00439882278        16.882736506721088     
   296000.00441074371        16.881569664523866     
   296800.00442266464        16.880405958354409     
   297600.00443458557        16.879245371352511     
   298400.00444650650        16.878087886794273     
   299200.00445842743        16.876933488090611     
   300000.00447034836        16.875782158785817     
   300800.00448226929        16.874633882556122     
   301600.00449419022        16.873488643208251     
   302400.00450611115        16.872346424678057     
   303200.00451803207        16.871207211029116     
   304000.00452995300        16.870070986451388     
   304800.00454187393        16.868937735259852     
   305600.00455379486        16.867807441893191     
   306400.00456571579        16.866680090912496     
   307200.00457763672        16.865555666999949     
   308000.00458955765        16.864434154957578     
   308800.00460147858        16.863315539705983     
   309600.00461339951        16.862199806283108     
   310400.00462532043        16.861086939843002     
   311200.00463724136        16.859976925654635     
   312000.00464916229        16.858869749100688     
   312800.00466108322        16.857765395676381     
   313600.00467300415        16.856663850988326     
   314400.00468492508        16.855565100753363     
   315200.00469684601        16.854469130797440     
   316000.00470876694        16.853375927054497     
   316800.00472068787        16.852285475565360     
   317600.00473260880        16.851197762476662     
   318400.00474452972        16.850112774039761     
   319200.00475645065        16.849030496609686     
   320000.00476837158        16.847950916644081     
   320800.00478029251        16.846874020702192     
   321600.00479221344        16.845799795443831     
   322400.00480413437        16.844728227628366     
   323200.00481605530        16.843659304113739     
   324000.00482797623        16.842593011855488     
   324800.00483989716        16.841529337905754     
   325600.00485181808        16.840468269412352     
   326400.00486373901        16.839409793617801     
   327200.00487565994        16.838353897858408     
   328000.00488758087        16.837300569563343     
   328800.00489950180        16.836249796253718     
   329600.00491142273        16.835201565541695     
   330400.00492334366        16.834155865129606     
   331200.00493526459        16.833112682809055     
   332000.00494718552        16.832072006460077     
   332800.00495910645        16.831033824050259     
   333600.00497102737        16.829998123633899     
   334400.00498294830        16.828964893351188     
   335200.00499486923        16.827934121427358     
   336000.00500679016        16.826905796171893     
   336800.00501871109        16.825879905977700     
   337600.00503063202        16.824856439320328     
   338400.00504255295        16.823835384757182     
   339200.00505447388        16.822816730926732     
   340000.00506639481        16.821800466547760     
   340800.00507831573        16.820786580418602     
   341600.00509023666        16.819775061416379     
   342400.00510215759        16.818765898496284     
   343200.00511407852        16.817759080690827     
   344000.00512599945        16.816754597109124     
   344800.00513792038        16.815752436936183     
   345600.00514984131        16.814752589432182     
   346400.00516176224        16.813755043931796     
   347200.00517368317        16.812759789843483     
   348000.00518560410        16.811766816648820     
   348800.00519752502        16.810776113901817     
   349600.00520944595        16.809787671228250     
   350400.00522136688        16.808801478325016     
   351200.00523328781        16.807817524959468     
   352000.00524520874        16.806835800968781     
   352800.00525712967        16.805856296259304     
   353600.00526905060        16.804879000805943     
   354400.00528097153        16.803903904651541     
   355200.00529289246        16.802930997906241     
   356000.00530481339        16.801960270746910     
   356800.00531673431        16.800991713416515     
   357600.00532865524        16.800025316223536     
   358400.00534057617        16.799061069541381     
   359200.00535249710        16.798098963807803     
   360000.00536441803        16.797138989524328     
   360800.00537633896        16.796181137255687     
   361600.00538825989        16.795225397629242     
   362400.00540018082        16.794271761334457     
   363200.00541210175        16.793320219122322     
   364000.00542402267        16.792370761804829     
   364800.00543594360        16.791423380254425     
   365600.00544786453        16.790478065403484     
   366400.00545978546        16.789534808243779     
   367200.00547170639        16.788593599825973     
   368000.00548362732        16.787654431259089     
   368800.00549554825        16.786717293710012     
   369600.00550746918        16.785782178402993     
   370400.00551939011        16.784849076619139     
   371200.00553131104        16.783917979695918     
   372000.00554323196        16.782988879026693     
   372800.00555515289        16.782061766060224     
   373600.00556707382        16.781136632300200     
   374400.00557899475        16.780213469304758     
   375200.00559091568        16.779292268686032     
   376000.00560283661        16.778373022109676     
   376800.00561475754        16.777455721294427     
   377600.00562667847        16.776540358011641     
   378400.00563859940        16.775626924084843     
   379200.00565052032        16.774715411389302     
   380000.00566244125        16.773805811851581     
   380800.00567436218        16.772898117449106     
   381600.00568628311        16.771992320209744     
   382400.00569820404        16.771088412211373     
   383200.00571012497        16.770186385581475     
   384000.00572204590        16.769286232496707     
   384800.00573396683        16.768387945182504     
   385600.00574588776        16.767491515912663     
   386400.00575780869        16.766596937008948     
   387200.00576972961        16.765704200840691     
   388000.00578165054        16.764813299824400     
   388800.00579357147        16.763924226423370     
   389600.00580549240        16.763036973147294     
   390400.00581741333        16.762151532551886     
   391200.00582933426        16.761267897238508     
   392000.00584125519        16.760386059853779     
   392800.00585317612        16.759506013089229     
   393600.00586509705        16.758627749680926     
   394400.00587701797        16.757751262409098     
   395200.00588893890        16.756876544097796     
   396000.00590085983        16.756003587614529     
   396800.00591278076        16.755132385869910     
   397600.00592470169        16.754262931817323     
   398400.00593662262        16.753395218452560     
   399200.00594854355        16.752529238813498     
   400000.00596046448        16.751664985979744     
   400800.00597238541        16.750802453072321     
   401600.00598430634        16.749941633253322     
   402400.00599622726        16.749082519725590     
   403200.00600814819        16.748225105732391     
   404000.00602006912        16.747369384557103     
   404800.00603199005        16.746515349522877     
   405600.00604391098        16.745662993992351     
   406400.00605583191        16.744812311367312     
   407200.00606775284        16.743963295088413     
   408000.00607967377        16.743115938634844     
   408800.00609159470        16.742270235524046     
   409600.00610351562        16.741426179311411     
   410400.00611543655        16.740583763589974     
   411200.00612735748        16.739742981990137     
   412000.00613927841        16.738903828179360     
   412800.00615119934        16.738066295861891     
   413600.00616312027        16.737230378778467     
   414400.00617504120        16.736396070706036     
   415200.00618696213        16.735563365457491     
   416000.00619888306        16.734732256881372     
   416800.00621080399        16.733902738861605     
   417600.00622272491        16.733074805317230     
   418400.00623464584        16.732248450202121     
   419200.00624656677        16.731423667504743     
   420000.00625848770        16.730600451247863     
   420800.00627040863        16.729778795488304     
   421600.00628232956        16.728958694316685     
   422400.00629425049        16.728140141857160     
   423200.00630617142        16.727323132267163     
   424000.00631809235        16.726507659737170     
   424800.00633001328        16.725693718490433     
   425600.00634193420        16.724881302782741     
   426400.00635385513        16.724070406902182     
   427200.00636577606        16.723261025168885     
   428000.00637769699        16.722453151934797     
   428800.00638961792        16.721646781583438     
   429600.00640153885        16.720841908529664     
   430400.00641345978        16.720038527219437     
   431200.00642538071        16.719236632129590     
   432000.00643730164        16.718436217767611     
   432800.00644922256        16.717637278671397     
   433600.00646114349        16.716839809409041     
   434400.00647306442        16.716043804578614     
   435200.00648498535        16.715249258807933     
   436000.00649690628        16.714456166754346     
   436800.00650882721        16.713664523104523     
   437600.00652074814        16.712874322574237     
   438400.00653266907        16.712085559908147     
   439200.00654459000        16.711298229879592     
   440000.00655651093        16.710512327290381     
   440800.00656843185        16.709727846970587     
   441600.00658035278        16.708944783778350     
   442400.00659227371        16.708163132599655     
   443200.00660419464        16.707382888348150     
   444000.00661611557        16.706604045964930     
   444800.00662803650        16.705826600418362     
   445600.00663995743        16.705050546703870     
   446400.00665187836        16.704275879843735     
   447200.00666379929        16.703502594886931     
   448000.00667572021        16.702730686908907     
   448800.00668764114        16.701960151011420     
   449600.00669956207        16.701190982322327     
   450400.00671148300        16.700423175995411     
   451200.00672340393        16.699656727210201     
   452000.00673532486        16.698891631171779     
   452800.00674724579        16.698127883110608     
   453600.00675916672        16.697365478282350     
   454400.00677108765        16.696604411967684     
   455200.00678300858        16.695844679472142     
   456000.00679492950        16.695086276125924     
   456800.00680685043        16.694329197283725     
   457600.00681877136        16.693573438324574     
   458400.00683069229        16.692818994651649     
   459200.00684261322        16.692065861692132     
   460000.00685453415        16.691314034897008     
   460800.00686645508        16.690563509740937     
   461600.00687837601        16.689814281722057     
   462400.00689029694        16.689066346361852     
   463200.00690221786        16.688319699204961     
   464000.00691413879        16.687574335819047     
   464800.00692605972        16.686830251794611     
   465600.00693798065        16.686087442744856     
   466400.00694990158        16.685345904305525     
   467200.00696182251        16.684605632134740     
   468000.00697374344        16.683866621912859     
   468800.00698566437        16.683128869342323     
   469600.00699758530        16.682392370147490     
   470400.00700950623        16.681657120074515     
   471200.00702142715        16.680923114891172     
   472000.00703334808        16.680190350386734     
   472800.00704526901        16.679458822371799     
   473600.00705718994        16.678728526678174     
   474400.00706911087        16.677999459158716     
   475200.00708103180        16.677271615687197     
   476000.00709295273        16.676544992158153     
   476800.00710487366        16.675819584486753     
   477600.00711679459        16.675095388608675     
   478400.00712871552        16.674372400479939     
   479200.00714063644        16.673650616076785     
   480000.00715255737        16.672930031395552     
   480800.00716447830        16.672210642452519     
   481600.00717639923        16.671492445283796     
   482400.00718832016        16.670775435945178     
   483200.00720024109        16.670059610512013     
   484000.00721216202        16.669344965079087     
   484800.00722408295        16.668631495760486     
   485600.00723600388        16.667919198689464     
   486400.00724792480        16.667208070018336     
   487200.00725984573        16.666498105918325     
   488000.00727176666        16.665789302579466     
   488800.00728368759        16.665081656210461     
   489600.00729560852        16.664375163038571     
   490400.00730752945        16.663669819309490     
   491200.00731945038        16.662965621287228     
   492000.00733137131        16.662262565253979     
   492800.00734329224        16.661560647510029     
   493600.00735521317        16.660859864373613     
   494400.00736713409        16.660160212180806     
   495200.00737905502        16.659461687285422     
   496000.00739097595        16.658764286058883     
   496800.00740289688        16.658068004890108     
   497600.00741481781        16.657372840185406     
   498400.00742673874        16.656678788368367     
   499200.00743865967        16.655985845879741     
   500000.00745058060        16.655294009177332     
   500800.00746250153        16.654603274735905     
   501600.00747442245        16.653913639047040     
   502400.00748634338        16.653225098619075     
   503200.00749826431        16.652537649976956     
   504000.00751018524        16.651851289662151     
   504800.00752210617        16.651166014232555     
   505600.00753402710        16.650481820262360     
   506400.00754594803        16.649798704341972     
   507200.00755786896        16.649116663077912     
   508000.00756978989        16.648435693092690     
   508800.00758171082        16.647755791024739     
   509600.00759363174        16.647076953528277     
   510400.00760555267        16.646399177273249     
   511200.00761747360        16.645722458945187     
   512000.00762939453        16.645046795245150     
   512800.00764131546        16.644372182889601     
   513600.00765323639        16.643698618610323     
   514400.00766515732        16.643026099154319     
   515200.00767707825        16.642354621283729     
   516000.00768899918        16.641684181775720     
   516800.00770092010        16.641014777422395     
   517600.00771284103        16.640346405030716     
   518400.00772476196        16.639679061422399     
   519200.00773668289        16.639012743433824     
   520000.00774860382        16.638347447915947     
   520800.00776052475        16.637683171734221     
   521600.00777244568        16.637019911768480     
   522400.00778436661        16.636357664912882     
   523200.00779628754        16.635696428075804     
   524000.00780820847        16.635036198179758     
   524800.00782012939        16.634376972161302     
   525600.00783205032        16.633718746970967     
   526400.00784397125        16.633061519573154     
   527200.00785589218        16.632405286946067     
   528000.00786781311        16.631750046081617     
   528800.00787973404        16.631095793985342     
   529600.00789165497        16.630442527676337     
   530400.00790357590        16.629790244187152     
   531200.00791549683        16.629138940563728     
   532000.00792741776        16.628488613865301     
   532800.00793933868        16.627839261164340     
   533600.00795125961        16.627190879546454     
   534400.00796318054        16.626543466110316     
   535200.00797510147        16.625897017967592     
   536000.00798702240        16.625251532242856     
   536800.00799894333        16.624607006073518     
   537600.00801086426        16.623963436609742     
   538400.00802278519        16.623320821014371     
   539200.00803470612        16.622679156462862     
   540000.00804662704        16.622038440143200     
   540800.00805854797        16.621398669255829     
   541600.00807046890        16.620759841013573     
   542400.00808238983        16.620121952641576     
   543200.00809431076        16.619485001377210     
   544000.00810623169        16.618848984470020     
   544800.00811815262        16.618213899181647     
   545600.00813007355        16.617579742785761     
   546400.00814199448        16.616946512567971     
   547200.00815391541        16.616314205825788     
   548000.00816583633        16.615682819868528     
   548800.00817775726        16.615052352017258     
   549600.00818967819        16.614422799604721     
   550400.00820159912        16.613794159975271     
   551200.00821352005        16.613166430484803     
   552000.00822544098        16.612539608500690     
   552800.00823736191        16.611913691401718     
   553600.00824928284        16.611288676578013     
   554400.00826120377        16.610664561430976     
   555200.00827312469        16.610041343373229     
   556000.00828504562        16.609419019828543     
   556800.00829696655        16.608797588231770     
   557600.00830888748        16.608177046028782     
   558400.00832080841        16.607557390676416     
   559200.00833272934        16.606938619642396     
   560000.00834465027        16.606320730405290     
   560800.00835657120        16.605703720454436     
   561600.00836849213        16.605087587289876     
   562400.00838041306        16.604472328422304     
   563200.00839233398        16.603857941373011     
   564000.00840425491        16.603244423673807     
   564800.00841617584        16.602631772866978     
   565600.00842809677        16.602019986505223     
   566400.00844001770        16.601409062151582     
   567200.00845193863        16.600798997379403     
   568000.00846385956        16.600189789772259     
   568800.00847578049        16.599581436923906     
   569600.00848770142        16.598973936438227     
   570400.00849962234        16.598367285929150     
   571200.00851154327        16.597761483020626     
   572000.00852346420        16.597156525346556     
   572800.00853538513        16.596552410550743     
   573600.00854730606        16.595949136286819     
   574400.00855922699        16.595346700218215     
   575200.00857114792        16.594745100018084     
   576000.00858306885        16.594144333369265     
   576800.00859498978        16.593544397964219     
   577600.00860691071        16.592945291504979     
   578400.00861883163        16.592347011703097     
   579200.00863075256        16.591749556279584     
   580000.00864267349        16.591152922964881     
   580800.00865459442        16.590557109498771     
   581600.00866651535        16.589962113630367     
   582400.00867843628        16.589367933118030     
   583200.00869035721        16.588774565729331     
   584000.00870227814        16.588182009241002     
   584800.00871419907        16.587590261438880     
   585600.00872612000        16.586999320117869     
   586400.00873804092        16.586409183081873     
   587200.00874996185        16.585819848143760     
   588000.00876188278        16.585231313125309     
   588800.00877380371        16.584643575857168     
   589600.00878572464        16.584056634178790     
   590400.00879764557        16.583470485938403     
   591200.00880956650        16.582885128992952     
   592000.00882148743        16.582300561208058     
   592800.00883340836        16.581716780457960     
   593600.00884532928        16.581133784625493     
   594400.00885725021        16.580551571602008     
   595200.00886917114        16.579970139287358     
   596000.00888109207        16.579389485589825     
   596800.00889301300        16.578809608426102     
   597600.00890493393        16.578230505721226     
   598400.00891685486        16.577652175408542     
   599200.00892877579        16.577074615429662     
   600000.00894069672        16.576497823734417     
   600800.00895261765        16.575921798280806     
   601600.00896453857        16.575346537034974     
   602400.00897645950        16.574772037971144     
   603200.00898838043        16.574198299071586     
   604000.00900030136        16.573625318326581     
   604800.00901222229        16.573053093734362     
   605600.00902414322        16.572481623301091     
   606400.00903606415        16.571910905040799     
   607200.00904798508        16.571340936975364     
   608000.00905990601        16.570771717134445     
   608800.00907182693        16.570203243555465     
   609600.00908374786        16.569635514283554     
   610400.00909566879        16.569068527371527     
   611200.00910758972        16.568502280879816     
   612000.00911951065        16.567936772876461     
   612800.00913143158        16.567372001437043     
   613600.00914335251        16.566807964644664     
   614400.00915527344        16.566244660589899     
   615200.00916719437        16.565682087370760     
   616000.00917911530        16.565120243092661     
   616800.00919103622        16.564559125868364     
   617600.00920295715        16.563998733817964     
   618400.00921487808        16.563439065068835     
   619200.00922679901        16.562880117755597     
   620000.00923871994        16.562321890020073     
   620800.00925064087        16.561764380011269     
   621600.00926256180        16.561207585885317     
   622400.00927448273        16.560651505805446     
   623200.00928640366        16.560096137941954     
   624000.00929832458        16.559541480472159     
   624800.00931024551        16.558987531580371     
   625600.00932216644        16.558434289457846     
   626400.00933408737        16.557881752302773     
   627200.00934600830        16.557329918320210     
   628000.00935792923        16.556778785722070     
   628800.00936985016        16.556228352727079     
   629600.00938177109        16.555678617560734     
   630400.00939369202        16.555129578455293     
   631200.00940561295        16.554581233649706     
   632000.00941753387        16.554033581389611     
   632800.00942945480        16.553486619927281     
   633600.00944137573        16.552940347521602     
   634400.00945329666        16.552394762438038     
   635200.00946521759        16.551849862948593     
   636000.00947713852        16.551305647331777     
   636800.00948905945        16.550762113872583     
   637600.00950098038        16.550219260862445     
   638400.00951290131        16.549677086599207     
   639200.00952482224        16.549135589387106     
   640000.00953674316        16.548594767536709     
   640800.00954866409        16.548054619364915     
   641600.00956058502        16.547515143194900     
   642400.00957250595        16.546976337356096     
   643200.00958442688        16.546438200184159     
   644000.00959634781        16.545900730020936     
   644800.00960826874        16.545363925214435     
   645600.00962018967        16.544827784118802     
   646400.00963211060        16.544292305094270     
   647200.00964403152        16.543757486507154     
   648000.00965595245        16.543223326729802     
   648800.00966787338        16.542689824140581     
   649600.00967979431        16.542156977123835     
   650400.00969171524        16.541624784069853     
   651200.00970363617        16.541093243374860     
   652000.00971555710        16.540562353440965     
   652800.00972747803        16.540032112676148     
   653600.00973939896        16.539502519494214     
   654400.00975131989        16.538973572314791     
   655200.00976324081        16.538445269563276     
   656000.00977516174        16.537917609670817     
   656800.00978708267        16.537390591074292     
   657600.00979900360        16.536864212216269     
   658400.00981092453        16.536338471544983     
   659200.00982284546        16.535813367514315     
   660000.00983476639        16.535288898583755     
   660800.00984668732        16.534765063218376     
   661600.00985860825        16.534241859888816     
   662400.00987052917        16.533719287071236     
   663200.00988245010        16.533197343247316     
   664000.00989437103        16.532676026904202     
   664800.00990629196        16.532155336534498     
   665600.00991821289        16.531635270636233     
   666400.00993013382        16.531115827712842     
   667200.00994205475        16.530597006273123     
   668000.00995397568        16.530078804831234     
   668800.00996589661        16.529561221906651     
   669600.00997781754        16.529044256024147     
   670400.00998973846        16.528527905713769     
   671200.01000165939        16.528012169510813     
   672000.01001358032        16.527497045955794     
   672800.01002550125        16.526982533594428     
   673600.01003742218        16.526468630977600     
   674400.01004934311        16.525955336661355     
   675200.01006126404        16.525442649206834     
   676000.01007318497        16.524930567180313     
   676800.01008510590        16.524419089153124     
   677600.01009702682        16.523908213701656     
   678400.01010894775        16.523397939407321     
   679200.01012086868        16.522888264856544     
   680000.01013278961        16.522379188640720     
   680800.01014471054        16.521870709356214     
   681600.01015663147        16.521362825604321     
   682400.01016855240        16.520855535991238     
   683200.01018047333        16.520348839128062     
   684000.01019239426        16.519842733630750     
   684800.01020431519        16.519337218120107     
   685600.01021623611        16.518832291221745     
   686400.01022815704        16.518327951566093     
   687200.01024007797        16.517824197788340     
   688000.01025199890        16.517321028528428     
   688800.01026391983        16.516818442431045     
   689600.01027584076        16.516316438145576     
   690400.01028776169        16.515815014326094     
   691200.01029968262        16.515314169631338     
   692000.01031160355        16.514813902724697     
   692800.01032352448        16.514314212274176     
   693600.01033544540        16.513815096952388     
   694400.01034736633        16.513316555436518     
   695200.01035928726        16.512818586408319     
   696000.01037120819        16.512321188554079     
   696800.01038312912        16.511824360564599     
   697600.01039505005        16.511328101135184     
   698400.01040697098        16.510832408965609     
   699200.01041889191        16.510337282760112     
   700000.01043081284        16.509842721227358     
   700800.01044273376        16.509348723080432     
   701600.01045465469        16.508855287036816     
   702400.01046657562        16.508362411818364     
   703200.01047849655        16.507870096151290     
   704000.01049041748        16.507378338766131     
   704800.01050233841        16.506887138397754     
   705600.01051425934        16.506396493785317     
   706400.01052618027        16.505906403672252     
   707200.01053810120        16.505416866806250     
   708000.01055002213        16.504927881939249     
   708800.01056194305        16.504439447827391     
   709600.01057386398        16.503951563231027     
   710400.01058578491        16.503464226914691     
   711200.01059770584        16.502977437647075     
   712000.01060962677        16.502491194201017     
   712800.01062154770        16.502005495353480     
   713600.01063346863        16.501520339885534     
   714400.01064538956        16.501035726582334     
   715200.01065731049        16.500551654233110     
   716000.01066923141        16.500068121631145     
   716800.01068115234        16.499585127573749     
   717600.01069307327        16.499102670862253     
   718400.01070499420        16.498620750301988     
   719200.01071691513        16.498139364702261     
   720000.01072883606        16.497658512876345     
   720800.01074075699        16.497178193641449     
   721600.01075267792        16.496698405818726     
   722400.01076459885        16.496219148233227     
   723200.01077651978        16.495740419713897     
   724000.01078844070        16.495262219093561     
   724800.01080036163        16.494784545208901     
   725600.01081228256        16.494307396900439     
   726400.01082420349        16.493830773012526     
   727200.01083612442        16.493354672393316     
   728000.01084804535        16.492879093894761     
   728800.01085996628        16.492404036372577     
   729600.01087188721        16.491929498686247     
   730400.01088380814        16.491455479698995     
   731200.01089572906        16.490981978277770     
   732000.01090764999        16.490508993293222     
   732800.01091957092        16.490036523619708     
   733600.01093149185        16.489564568135251     
   734400.01094341278        16.489093125721535     
   735200.01095533371        16.488622195263897     
   736000.01096725464        16.488151775651296     
   736800.01097917557        16.487681865776310     
   737600.01099109650        16.487212464535109     
   738400.01100301743        16.486743570827446     
   739200.01101493835        16.486275183556643     
   740000.01102685928        16.485807301629574     
   740800.01103878021        16.485339923956644     
   741600.01105070114        16.484873049451785     
   742400.01106262207        16.484406677032432     
   743200.01107454300        16.483940805619511     
   744000.01108646393        16.483475434137418     
   744800.01109838486        16.483010561514018     
   745600.01111030579        16.482546186680615     
   746400.01112222672        16.482082308571947     
   747200.01113414764        16.481618926126171     
   748000.01114606857        16.481156038284841     
   748800.01115798950        16.480693643992897     
   749600.01116991043        16.480231742198661     
   750400.01118183136        16.479770331853803     
   751200.01119375229        16.479309411913341     
   752000.01120567322        16.478848981335627     
   752800.01121759415        16.478389039082320     
   753600.01122951508        16.477929584118389     
   754400.01124143600        16.477470615412084     
   755200.01125335693        16.477012131934938     
   756000.01126527786        16.476554132661732     
   756800.01127719879        16.476096616570505     
   757600.01128911972        16.475639582642515     
   758400.01130104065        16.475183029862254     
   759200.01131296158        16.474726957217410     
   760000.01132488251        16.474271363698865     
   760800.01133680344        16.473816248300679     
   761600.01134872437        16.473361610020074     
   762400.01136064529        16.472907447857434     
   763200.01137256622        16.472453760816272     
   764000.01138448715        16.472000547903228     
   764800.01139640808        16.471547808128058     
   765600.01140832901        16.471095540503615     
   766400.01142024994        16.470643744045837     
   767200.01143217087        16.470192417773742     
   768000.01144409180        16.469741560709402     
   768800.01145601273        16.469291171877938     
   769600.01146793365        16.468841250307513     
   770400.01147985458        16.468391795029305     
   771200.01149177551        16.467942805077506     
   772000.01150369644        16.467494279489308     
   772800.01151561737        16.467046217304883     
   773600.01152753830        16.466598617567382     
   774400.01153945923        16.466151479322910     
   775200.01155138016        16.465704801620532     
   776000.01156330109        16.465258583512238     
   776800.01157522202        16.464812824052952     
   777600.01158714294        16.464367522300499     
   778400.01159906387        16.463922677315615     
   779200.01161098480        16.463478288161923     
   780000.01162290573        16.463034353905915     
   780800.01163482666        16.462590873616961     
   781600.01164674759        16.462147846367273     
   782400.01165866852        16.461705271231907     
   783200.01167058945        16.461263147288754     
   784000.01168251038        16.460821473618523     
   784800.01169443130        16.460380249304723     
   785600.01170635223        16.459939473433664     
   786400.01171827316        16.459499145094441     
   787200.01173019409        16.459059263378919     
   788000.01174211502        16.458619827381725     
   788800.01175403595        16.458180836200242     
   789600.01176595688        16.457742288934586     
   790400.01177787781        16.457304184687601     
   791200.01178979874        16.456866522564855     
   792000.01180171967        16.456429301674618     
   792800.01181364059        16.455992521127854     
   793600.01182556152        16.455556180038212     
   794400.01183748245        16.455120277522017     
   795200.01184940338        16.454684812698257     
   796000.01186132431        16.454249784688571     
   796800.01187324524        16.453815192617242     
   797600.01188516617        16.453381035611180     
   798400.01189708710        16.452947312799918     
   799200.01190900803        16.452514023315601     
   800000.01192092896        16.452081166292970     
