   0.0000000000000000        1.5851428093163141E-002   4.9034215243411927E-003
  0.99999997764825821        1.5851415922567912E-002   4.9034177595347495E-003
   1.9999999552965164        1.5851379410695102E-002   4.9034064650884720E-003
   2.9999999329447746        1.5851318557432586E-002   4.9033876409676734E-003
   3.9999999105930328        1.5851233362593444E-002   4.9033612871145346E-003
   4.9999998882412910        1.5851123825916039E-002   4.9033274034481203E-003
   5.9999998658895493        1.5850989947063954E-002   4.9032859898643618E-003
   6.9999998435378075        1.5850831725626034E-002   4.9032370462359851E-003
   7.9999998211860657        1.5850649161116243E-002   4.9031805724127336E-003
   8.9999997988343239        1.5850442252973839E-002   4.9031165682211506E-003
   9.9999997764825821        1.5850211000563243E-002   4.9030450334646260E-003
   10.999999754130840        1.5849955403174125E-002   4.9029659679234320E-003
   11.999999731779099        1.5849675460021272E-002   4.9028793713546716E-003
   12.999999709427357        1.5849371170244680E-002   4.9027852434923138E-003
   13.999999687075615        1.5849042532909460E-002   4.9026835840471671E-003
   14.999999664723873        1.5848689547005888E-002   4.9025743927068825E-003
   15.999999642372131        1.5848312211449327E-002   4.9024576691359479E-003
   16.999999620020390        1.5847910525080316E-002   4.9023334129756953E-003
   17.999999597668648        1.5847484486664384E-002   4.9022016238442481E-003
   18.999999575316906        1.5847034094892219E-002   4.9020623013365169E-003
   19.999999552965164        1.5846559348379446E-002   4.9019154450243461E-003
   20.999999530613422        1.5846060245666746E-002   4.9017610544563181E-003
   21.999999508261681        1.5845536785219817E-002   4.9015991291578159E-003
   22.999999485909939        1.5844988965429289E-002   4.9014296686310044E-003
   23.999999463558197        1.5844416784610741E-002   4.9012526723548298E-003
   24.999999441206455        1.5843820241004652E-002   4.9010681397850088E-003
   25.999999418854713        1.5843199332776395E-002   4.9008760703540266E-003
   26.999999396502972        1.5842554058016184E-002   4.9006764634711136E-003
   27.999999374151230        1.5841884414739046E-002   4.9004693185222478E-003
   28.999999351799488        1.5841190400884792E-002   4.9002546348701380E-003
   29.999999329447746        1.5840472014317979E-002   4.9000324118541961E-003
   30.999999307096004        1.5839729252827912E-002   4.8998026487905135E-003
   31.999999284744263        1.5838962114128510E-002   4.8995653449720013E-003
   32.999999262392521        1.5838170595858334E-002   4.8993204996681814E-003
   33.999999240040779        1.5837354695580570E-002   4.8990681121252565E-003
   34.999999217689037        1.5836514410782928E-002   4.8988081815660852E-003
   35.999999195337296        1.5835649738877671E-002   4.8985407071901882E-003
   36.999999172985554        1.5834760677201472E-002   4.8982656881736983E-003
   37.999999150633812        1.5833847223015448E-002   4.8979831236693845E-003
   38.999999128282070        1.5832909373505108E-002   4.8976930128066202E-003
   39.999999105930328        1.5831947125780305E-002   4.8973953546913749E-003
   40.999999083578587        1.5830960476875128E-002   4.8970901484061916E-003
   41.999999061226845        1.5829949423747901E-002   4.8967773930101407E-003
   42.999999038875103        1.5828913963281156E-002   4.8964570875388285E-003
   43.999999016523361        1.5827854092281522E-002   4.8961292310045037E-003
   44.999998994171619        1.5826769807479654E-002   4.8957938223958388E-003
   45.999998971819878        1.5825661105530308E-002   4.8954508606780271E-003
   46.999998949468136        1.5824527983012138E-002   4.8951003447927233E-003
   47.999998927116394        1.5823370436427717E-002   4.8947422736580455E-003
   48.999998904764652        1.5822188462203426E-002   4.8943766461685455E-003
   49.999998882412910        1.5820982056689466E-002   4.8940034611952071E-003
   50.999998860061169        1.5819751216159719E-002   4.8936227175854071E-003
   51.999998837709427        1.5818495936811748E-002   4.8932344141629138E-003
   52.999998815357685        1.5817216214766689E-002   4.8928385497278536E-003
   53.999998793005943        1.5815912046069185E-002   4.8924351230566617E-003
   54.999998770654202        1.5814583426687380E-002   4.8920241329021017E-003
   55.999998748302460        1.5813230352512735E-002   4.8916055779933201E-003
   56.999998725950718        1.5811852819360057E-002   4.8911794570356852E-003
   57.999998703598976        1.5810450822967385E-002   4.8907457687108174E-003
   58.999998681247234        1.5809024358995942E-002   4.8903045116765768E-003
   59.999998658895493        1.5807573423030047E-002   4.8898556845670318E-003
   60.999998636543751        1.5806098010577016E-002   4.8893992859924329E-003
   61.999998614192009        1.5804598117067126E-002   4.8889353145392007E-003
   62.999998591840267        1.5803073737853543E-002   4.8884637687698976E-003
   63.999998569488525        1.5801524868212170E-002   4.8879846472231906E-003
   64.999998547136784        1.5799951503341621E-002   4.8874979484138398E-003
   65.999998524785042        1.5798353638363183E-002   4.8870036708326429E-003
   66.999998502433300        1.5796731268320589E-002   4.8865018129464234E-003
   67.999998480081558        1.5795084388180114E-002   4.8859923731981265E-003
   68.999998457729816        1.5793412992830328E-002   4.8854753500066038E-003
   69.999998435378075        1.5791717077082136E-002   4.8849507417666783E-003
   70.999998413026333        1.5789996635668567E-002   4.8844185468490849E-003
   71.999998390674591        1.5788251663244809E-002   4.8838787636004818E-003
   72.999998368322849        1.5786482154388055E-002   4.8833313903433959E-003
   73.999998345971107        1.5784688103597330E-002   4.8827764253761780E-003
   74.999998323619366        1.5782869505293569E-002   4.8822138669730184E-003
   75.999998301267624        1.5781026353819394E-002   4.8816437133838864E-003
   76.999998278915882        1.5779158643439015E-002   4.8810659628344948E-003
   77.999998256564140        1.5777266368338237E-002   4.8804806135262667E-003
   78.999998234212399        1.5775349522624250E-002   4.8798876636363163E-003
   79.999998211860657        1.5773408100325553E-002   4.8792871113175007E-003
   80.999998189508915        1.5771442095391858E-002   4.8786789546982502E-003
   81.999998167157173        1.5769451501694041E-002   4.8780631918826037E-003
   82.999998144805431        1.5767436313023943E-002   4.8774398209501498E-003
   83.999998122453690        1.5765396523094281E-002   4.8768088399560056E-003
   84.999998100101948        1.5763332125538626E-002   4.8761702469308056E-003
   85.999998077750206        1.5761243113911180E-002   4.8755240398806266E-003
   86.999998055398464        1.5759129481686753E-002   4.8748702167869936E-003
   87.999998033046722        1.5756991222260569E-002   4.8742087756068093E-003
   88.999998010694981        1.5754828328948204E-002   4.8735397142723397E-003
   89.999997988343239        1.5752640794985475E-002   4.8728630306911413E-003
   90.999997965991497        1.5750428613528288E-002   4.8721787227460622E-003
   91.999997943639755        1.5748191777652555E-002   4.8714867882952931E-003
   92.999997921288013        1.5745930280354009E-002   4.8707872251721593E-003
   93.999997898936272        1.5743644114548136E-002   4.8700800311851618E-003
   94.999997876584530        1.5741333273070104E-002   4.8693652041179617E-003
   95.999997854232788        1.5738997748674492E-002   4.8686427417292850E-003
   96.999997831881046        1.5736637534035265E-002   4.8679126417529245E-003
   97.999997809529305        1.5734252621745680E-002   4.8671749018977042E-003
   98.999997787177563        1.5731843004318034E-002   4.8664295198474102E-003
   99.999997764825821        1.5729408674183622E-002   4.8656764932607640E-003
   100.99999774247408        1.5726949623692626E-002   4.8649158197714010E-003
   101.99999772012234        1.5724465845113899E-002   4.8641474969877627E-003
   102.99999769777060        1.5721957330634882E-002   4.8633715224931130E-003
   103.99999767541885        1.5719424072361422E-002   4.8625878938455651E-003
   104.99999765306711        1.5716866062317661E-002   4.8617966085778997E-003
   105.99999763071537        1.5714283292445955E-002   4.8609976641975942E-003
   106.99999760836363        1.5711675754606604E-002   4.8601910581867434E-003
   107.99999758601189        1.5709043440577840E-002   4.8593767880020546E-003
   108.99999756366014        1.5706386342055581E-002   4.8585548510747777E-003
   109.99999754130840        1.5703704450653371E-002   4.8577252448106763E-003
   110.99999751895666        1.5700997757902110E-002   4.8568879665899511E-003
   111.99999749660492        1.5698266255250028E-002   4.8560430137672295E-003
   112.99999747425318        1.5695509934062487E-002   4.8551903836715031E-003
   113.99999745190144        1.5692728785621803E-002   4.8543300736060505E-003
   114.99999742954969        1.5689922801127149E-002   4.8534620808484159E-003
   115.99999740719795        1.5687091971694295E-002   4.8525864026504519E-003
   116.99999738484621        1.5684236288355562E-002   4.8517030362381312E-003
   117.99999736249447        1.5681355742059616E-002   4.8508119788115483E-003
   118.99999734014273        1.5678450323671298E-002   4.8499132275448666E-003
   119.99999731779099        1.5675520023971455E-002   4.8490067795862665E-003
   120.99999729543924        1.5672564833656845E-002   4.8480926320579208E-003
   121.99999727308750        1.5669584743339845E-002   4.8471707820558953E-003
   122.99999725073576        1.5666579743548386E-002   4.8462412266501364E-003
   123.99999722838402        1.5663549824725786E-002   4.8453039628844150E-003
   124.99999720603228        1.5660494977230519E-002   4.8443589877762575E-003
   125.99999718368053        1.5657415191336028E-002   4.8434062983168675E-003
   126.99999716132879        1.5654310457230643E-002   4.8424458914710861E-003
   127.99999713897705        1.5651180765017359E-002   4.8414777641774829E-003
   128.99999711662531        1.5648026104713580E-002   4.8405019133480817E-003
   129.99999709427357        1.5644846466251056E-002   4.8395183358684035E-003
   130.99999707192183        1.5641641839475643E-002   4.8385270285974087E-003
   131.99999704957008        1.5638412214147159E-002   4.8375279883674351E-003
   132.99999702721834        1.5635157579939132E-002   4.8365212119841298E-003
   133.99999700486660        1.5631877926438689E-002   4.8355066962264149E-003
   134.99999698251486        1.5628573243146291E-002   4.8344844378464015E-003
   135.99999696016312        1.5625243519475626E-002   4.8334544335693619E-003
   136.99999693781137        1.5621888744753322E-002   4.8324166800936298E-003
   137.99999691545963        1.5618508908218816E-002   4.8313711740905676E-003
   138.99999689310789        1.5615103999024221E-002   4.8303179122044532E-003
   139.99999687075615        1.5611674006233936E-002   4.8292568910525951E-003
   140.99999684840441        1.5608218918824640E-002   4.8281881072250784E-003
   141.99999682605267        1.5604738725684984E-002   4.8271115572847629E-003
   142.99999680370092        1.5601233415615418E-002   4.8260272377672175E-003
   143.99999678134918        1.5597702977328000E-002   4.8249351451806772E-003
   144.99999675899744        1.5594147399446178E-002   4.8238352760059571E-003
   145.99999673664570        1.5590566670504581E-002   4.8227276266964063E-003
   146.99999671429396        1.5586960778948802E-002   4.8216121936778267E-003
   147.99999669194221        1.5583329713135179E-002   4.8204889733484083E-003
   148.99999666959047        1.5579673461330601E-002   4.8193579620786796E-003
   149.99999664723873        1.5575992011712286E-002   4.8182191562114209E-003
   150.99999662488699        1.5572285352367559E-002   4.8170725520615210E-003
   151.99999660253525        1.5568553471293638E-002   4.8159181459161713E-003
   152.99999658018351        1.5564796356397395E-002   4.8147559340345316E-003
   153.99999655783176        1.5561013995495126E-002   4.8135859126477434E-003
   154.99999653548002        1.5557206376312372E-002   4.8124080779588683E-003
   155.99999651312828        1.5553373486483666E-002   4.8112224261428194E-003
   156.99999649077654        1.5549515313552269E-002   4.8100289533462752E-003
   157.99999646842480        1.5545631844970034E-002   4.8088276556876404E-003
   158.99999644607306        1.5541723068097028E-002   4.8076185292569244E-003
   159.99999642372131        1.5537788970201418E-002   4.8064015701157099E-003
   160.99999640136957        1.5533829538459179E-002   4.8051767742970618E-003
   161.99999637901783        1.5529844759953872E-002   4.8039441378054555E-003
   162.99999635666609        1.5525834621676430E-002   4.8027036566166432E-003
   163.99999633431435        1.5521799110524816E-002   4.8014553266777400E-003
   164.99999631196260        1.5517738213303843E-002   4.8001991439070189E-003
   165.99999628961086        1.5513651916724989E-002   4.7989351041938565E-003
   166.99999626725912        1.5509540207406018E-002   4.7976632033986440E-003
   167.99999624490738        1.5505403071870838E-002   4.7963834373527352E-003
   168.99999622255564        1.5501240496549178E-002   4.7950958018583567E-003
   169.99999620020390        1.5497052467776341E-002   4.7938002926885175E-003
   170.99999617785215        1.5492838971793002E-002   4.7924969055869633E-003
   171.99999615550041        1.5488599994744858E-002   4.7911856362680529E-003
   172.99999613314867        1.5484335522682434E-002   4.7898664804167101E-003
   173.99999611079693        1.5480045541560791E-002   4.7885394336883253E-003
   174.99999608844519        1.5475730037239266E-002   4.7872044917086276E-003
   175.99999606609344        1.5471388995481231E-002   4.7858616500737194E-003
   176.99999604374170        1.5467022401953735E-002   4.7845109043499427E-003
   177.99999602138996        1.5462630242227290E-002   4.7831522500737331E-003
   178.99999599903822        1.5458212501775618E-002   4.7817856827515872E-003
   179.99999597668648        1.5453769165975326E-002   4.7804111978599568E-003
   180.99999595433474        1.5449300220105685E-002   4.7790287908451900E-003
   181.99999593198299        1.5444805649348237E-002   4.7776384571233980E-003
   182.99999590963125        1.5440285438786660E-002   4.7762401920804212E-003
   183.99999588727951        1.5435739573406316E-002   4.7748339910716900E-003
   184.99999586492777        1.5431168038094113E-002   4.7734198494221742E-003
   185.99999584257603        1.5426570817638102E-002   4.7719977624262680E-003
   186.99999582022429        1.5421947896727252E-002   4.7705677253476906E-003
   187.99999579787254        1.5417299259951134E-002   4.7691297334193907E-003
   188.99999577552080        1.5412624891799573E-002   4.7676837818435795E-003
   189.99999575316906        1.5407924776662436E-002   4.7662298657914770E-003
   190.99999573081732        1.5403198898829238E-002   4.7647679804032582E-003
   191.99999570846558        1.5398447242488907E-002   4.7632981207879881E-003
   192.99999568611383        1.5393669791729436E-002   4.7618202820235026E-003
   193.99999566376209        1.5388866530537598E-002   4.7603344591563342E-003
   194.99999564141035        1.5384037442798594E-002   4.7588406472015886E-003
   195.99999561905861        1.5379182512295754E-002   4.7573388411428609E-003
   196.99999559670687        1.5374301722710225E-002   4.7558290359321406E-003
   197.99999557435513        1.5369395057620694E-002   4.7543112264897165E-003
   198.99999555200338        1.5364462500502966E-002   4.7527854077040613E-003
   199.99999552965164        1.5359504034729762E-002   4.7512515744316634E-003
   200.99999550729990        1.5354519643570213E-002   4.7497097214971385E-003
   201.99999548494816        1.5349509310189682E-002   4.7481598436929324E-003
   202.99999546259642        1.5344473017649395E-002   4.7466019357792670E-003
   203.99999544024467        1.5339410748906058E-002   4.7450359924840323E-003
   204.99999541789293        1.5334322486811618E-002   4.7434620085027145E-003
   205.99999539554119        1.5329208214112804E-002   4.7418799784982512E-003
   206.99999537318945        1.5324067913450836E-002   4.7402898971009421E-003
   207.99999535083771        1.5318901567361062E-002   4.7386917589083378E-003
   208.99999532848597        1.5313709158272648E-002   4.7370855584851412E-003
   209.99999530613422        1.5308490668508186E-002   4.7354712903630893E-003
   210.99999528378248        1.5303246080283366E-002   4.7338489490408499E-003
   211.99999526143074        1.5297975375706586E-002   4.7322185289838505E-003
   212.99999523907900        1.5292678536778605E-002   4.7305800246242834E-003
   213.99999521672726        1.5287355545392182E-002   4.7289334303609633E-003
   214.99999519437551        1.5282006383331721E-002   4.7272787405591458E-003
   215.99999517202377        1.5276631032272869E-002   4.7256159495504459E-003
   216.99999514967203        1.5271229473782184E-002   4.7239450516327287E-003
   217.99999512732029        1.5265801689316742E-002   4.7222660410699974E-003
   218.99999510496855        1.5260347660223727E-002   4.7205789120922589E-003
   219.99999508261681        1.5254867367740135E-002   4.7188836588954357E-003
   220.99999506026506        1.5249360792992278E-002   4.7171802756412117E-003
   221.99999503791332        1.5243827916995481E-002   4.7154687564569383E-003
   222.99999501556158        1.5238268720653685E-002   4.7137490954355125E-003
   223.99999499320984        1.5232683184759031E-002   4.7120212866352375E-003
   224.99999497085810        1.5227071289991467E-002   4.7102853240796458E-003
   225.99999494850636        1.5221433016918317E-002   4.7085412017575917E-003
   226.99999492615461        1.5215768345993957E-002   4.7067889136229021E-003
   227.99999490380287        1.5210077257559323E-002   4.7050284535943175E-003
   228.99999488145113        1.5204359731841583E-002   4.7032598155553832E-003
   229.99999485909939        1.5198615748953674E-002   4.7014829933543101E-003
   230.99999483674765        1.5192845288893938E-002   4.6996979808038583E-003
   231.99999481439590        1.5187048331545624E-002   4.6979047716811896E-003
   232.99999479204416        1.5181224856676542E-002   4.6961033597277520E-003
   233.99999476969242        1.5175374843938581E-002   4.6942937386491397E-003
   234.99999474734068        1.5169498272867368E-002   4.6924759021149771E-003
   235.99999472498894        1.5163595122881731E-002   4.6906498437587615E-003
   236.99999470263720        1.5157665373283330E-002   4.6888155571776927E-003
   237.99999468028545        1.5151709003256214E-002   4.6869730359326593E-003
   238.99999465793371        1.5145725991866374E-002   4.6851222735480504E-003
   239.99999463558197        1.5139716318061274E-002   4.6832632635115520E-003
   240.99999461323023        1.5133679960669498E-002   4.6813959992740798E-003
   241.99999459087849        1.5127616898400151E-002   4.6795204742495853E-003
   242.99999456852674        1.5121527109842506E-002   4.6776366818149550E-003
   243.99999454617500        1.5115410573465561E-002   4.6757446153098707E-003
   244.99999452382326        1.5109267267617514E-002   4.6738442680366440E-003
   245.99999450147152        1.5103097170525324E-002   4.6719356332600836E-003
   246.99999447911978        1.5096900260294288E-002   4.6700187042073632E-003
   247.99999445676804        1.5090676514907485E-002   4.6680934740678534E-003
   248.99999443441629        1.5084425912225346E-002   4.6661599359929780E-003
   249.99999441206455        1.5078148429985238E-002   4.6642180830960105E-003
   250.99999438971281        1.5071844045800862E-002   4.6622679084521454E-003
   251.99999436736107        1.5065512737161814E-002   4.6603094050981014E-003
   252.99999434500933        1.5059154481433171E-002   4.6583425660320730E-003
   253.99999432265759        1.5052769255854852E-002   4.6563673842135436E-003
   254.99999430030584        1.5046357037541279E-002   4.6543838525631735E-003
   255.99999427795410        1.5039917803480745E-002   4.6523919639626073E-003
   256.99999425560236        1.5033451530535001E-002   4.6503917112543456E-003
   257.99999423325062        1.5026958195438714E-002   4.6483830872415758E-003
   258.99999421089888        1.5020437774798908E-002   4.6463660846880056E-003
   259.99999418854713        1.5013890245094525E-002   4.6443406963177164E-003
   260.99999416619539        1.5007315582675892E-002   4.6423069148150064E-003
   261.99999414384365        1.5000713763764153E-002   4.6402647328241805E-003
   262.99999412149191        1.4994084764450787E-002   4.6382141429494421E-003
   263.99999409914017        1.4987428560697022E-002   4.6361551377547853E-003
   264.99999407678843        1.4980745128333387E-002   4.6340877097637151E-003
   265.99999405443668        1.4974034443059041E-002   4.6320118514591004E-003
   266.99999403208494        1.4967296480441381E-002   4.6299275552830520E-003
   267.99999400973320        1.4960531215915358E-002   4.6278348136367100E-003
   268.99999398738146        1.4953738624783048E-002   4.6257336188801085E-003
   269.99999396502972        1.4946918682213003E-002   4.6236239633319831E-003
   270.99999394267797        1.4940071363239677E-002   4.6215058392695841E-003
   271.99999392032623        1.4933196642763012E-002   4.6193792389285521E-003
   272.99999389797449        1.4926294495547641E-002   4.6172441545026741E-003
   273.99999387562275        1.4919364896222540E-002   4.6151005781437712E-003
   274.99999385327101        1.4912407819280297E-002   4.6129485019614181E-003
   275.99999383091927        1.4905423239076560E-002   4.6107879180229154E-003
   276.99999380856752        1.4898411129829477E-002   4.6086188183530313E-003
   277.99999378621578        1.4891371465619099E-002   4.6064411949337854E-003
   278.99999376386404        1.4884304220386798E-002   4.6042550397042987E-003
   279.99999374151230        1.4877209367934642E-002   4.6020603445606030E-003
   280.99999371916056        1.4870086881924776E-002   4.5998571013554437E-003
   281.99999369680882        1.4862936735878867E-002   4.5976453018981116E-003
   282.99999367445707        1.4855758903177427E-002   4.5954249379542341E-003
   283.99999365210533        1.4848553357059225E-002   4.5931960012455929E-003
   284.99999362975359        1.4841320070620695E-002   4.5909584834499381E-003
   285.99999360740185        1.4834059016815230E-002   4.5887123762007737E-003
   286.99999358505011        1.4826770168452621E-002   4.5864576710871827E-003
   287.99999356269836        1.4819453498198411E-002   4.5841943596535515E-003
   288.99999354034662        1.4812108978573180E-002   4.5819224333995580E-003
   289.99999351799488        1.4804736581951973E-002   4.5796418837798182E-003
   290.99999349564314        1.4797336280563627E-002   4.5773527022037021E-003
   291.99999347329140        1.4789908046490092E-002   4.5750548800351475E-003
   292.99999345093966        1.4782451851665797E-002   4.5727484085924539E-003
   293.99999342858791        1.4774967667876988E-002   4.5704332791480836E-003
   294.99999340623617        1.4767455466761014E-002   4.5681094829284410E-003
   295.99999338388443        1.4759915219805667E-002   4.5657770111136664E-003
   296.99999336153269        1.4752346898348520E-002   4.5634358548374311E-003
   297.99999333918095        1.4744750473576197E-002   4.5610860051867146E-003
   298.99999331682920        1.4737125916523725E-002   4.5587274532015980E-003
   299.99999329447746        1.4729473198073799E-002   4.5563601898750443E-003
   300.99999327212572        1.4721792288956126E-002   4.5539842061526068E-003
   301.99999324977398        1.4714083159746606E-002   4.5515994929324231E-003
   302.99999322742224        1.4706345780866747E-002   4.5492060410647975E-003
   303.99999320507050        1.4698580122582856E-002   4.5468038413520205E-003
   304.99999318271875        1.4690786155005346E-002   4.5443928845481599E-003
   305.99999316036701        1.4682963848087991E-002   4.5419731613588286E-003
   306.99999313801527        1.4675113171627216E-002   4.5395446624409653E-003
   307.99999311566353        1.4667234095261314E-002   4.5371073784025917E-003
   308.99999309331179        1.4659326588469712E-002   4.5346612998025896E-003
   309.99999307096004        1.4651390620572219E-002   4.5322064171504622E-003
   310.99999304860830        1.4643426160728258E-002   4.5297427209061028E-003
   311.99999302625656        1.4635433177936103E-002   4.5272702014795508E-003
   312.99999300390482        1.4627411641032102E-002   4.5247888492307587E-003
   313.99999298155308        1.4619361518689930E-002   4.5222986544692784E-003
   314.99999295920134        1.4611282779419726E-002   4.5197996074542272E-003
   315.99999293684959        1.4603175391567347E-002   4.5172916983938390E-003
   316.99999291449785        1.4595039323313588E-002   4.5147749174452786E-003
   317.99999289214611        1.4586874542673373E-002   4.5122492547144026E-003
   318.99999286979437        1.4578681017494896E-002   4.5097147002554940E-003
   319.99999284744263        1.4570458715458878E-002   4.5071712440710229E-003
   320.99999282509089        1.4562207604077667E-002   4.5046188761113850E-003
   321.99999280273914        1.4553927650694460E-002   4.5020575862746437E-003
   322.99999278038740        1.4545618822482448E-002   4.4994873644062785E-003
   323.99999275803566        1.4537281086443985E-002   4.4969082002989198E-003
   324.99999273568392        1.4528914409409722E-002   4.4943200836920867E-003
   325.99999271333218        1.4520518758037745E-002   4.4917230042719148E-003
   326.99999269098043        1.4512094098812777E-002   4.4891169516708416E-003
   327.99999266862869        1.4503640398045182E-002   4.4865019154674982E-003
   328.99999264627695        1.4495157621870180E-002   4.4838778851862948E-003
   329.99999262392521        1.4486645736246966E-002   4.4812448502971761E-003
   330.99999260157347        1.4478104706957784E-002   4.4786028002153514E-003
   331.99999257922173        1.4469534499607049E-002   4.4759517243010164E-003
   332.99999255686998        1.4460935079620424E-002   4.4732916118590763E-003
   333.99999253451824        1.4452306412243919E-002   4.4706224521388616E-003
   334.99999251216650        1.4443648462542941E-002   4.4679442343338359E-003
   335.99999248981476        1.4434961195401462E-002   4.4652569475813380E-003
   336.99999246746302        1.4426244575520955E-002   4.4625605809622531E-003
   337.99999244511127        1.4417498567419534E-002   4.4598551235007482E-003
   338.99999242275953        1.4408723135430993E-002   4.4571405641639725E-003
   339.99999240040779        1.4399918243703850E-002   4.4544168918617079E-003
   340.99999237805605        1.4391083856200354E-002   4.4516840954461918E-003
   341.99999235570431        1.4382219936695504E-002   4.4489421637117525E-003
   342.99999233335257        1.4373326448776140E-002   4.4461910853944766E-003
   343.99999231100082        1.4364403355839874E-002   4.4434308491719211E-003
   344.99999228864908        1.4355450621094161E-002   4.4406614436628151E-003
   345.99999226629734        1.4346468207555224E-002   4.4378828574267379E-003
   346.99999224394560        1.4337456078047112E-002   4.4350950789638181E-003
   347.99999222159386        1.4328414195200619E-002   4.4322980967144042E-003
   348.99999219924212        1.4319342521452300E-002   4.4294918990587630E-003
   349.99999217689037        1.4310241019043400E-002   4.4266764743167413E-003
   350.99999215453863        1.4301109650018837E-002   4.4238518107474548E-003
   351.99999213218689        1.4291948376226118E-002   4.4210178965489559E-003
   352.99999210983515        1.4282757159314322E-002   4.4181747198578881E-003
   353.99999208748341        1.4273535960732964E-002   4.4153222687491516E-003
   354.99999206513166        1.4264284741730941E-002   4.4124605312356865E-003
   355.99999204277992        1.4255003463355460E-002   4.4095894952679822E-003
   356.99999202042818        1.4245692086450944E-002   4.4067091487337978E-003
   357.99999199807644        1.4236350571657883E-002   4.4038194794578109E-003
   358.99999197572470        1.4226978879411753E-002   4.4009204752012794E-003
   359.99999195337296        1.4217576969941879E-002   4.3980121236616909E-003
   360.99999193102121        1.4208144803270303E-002   4.3950944124724126E-003
   361.99999190866947        1.4198682339210624E-002   4.3921673292023344E-003
   362.99999188631773        1.4189189537366857E-002   4.3892308613555130E-003
   363.99999186396599        1.4179666357132290E-002   4.3862849963708208E-003
   364.99999184161425        1.4170112757688277E-002   4.3833297216215681E-003
   365.99999181926250        1.4160528698003055E-002   4.3803650244151450E-003
   366.99999179691076        1.4150914136830601E-002   4.3773908919925884E-003
   367.99999177455902        1.4141269032709349E-002   4.3744073115283902E-003
   368.99999175220728        1.4131593343961028E-002   4.3714142701299624E-003
   369.99999172985554        1.4121887028689425E-002   4.3684117548372899E-003
   370.99999170750380        1.4112150044779189E-002   4.3653997526225657E-003
   371.99999168515205        1.4102382349894528E-002   4.3623782503897941E-003
   372.99999166280031        1.4092583901477990E-002   4.3593472349744119E-003
   373.99999164044857        1.4082754656749180E-002   4.3563066931428928E-003
   374.99999161809683        1.4072894572703521E-002   4.3532566115923607E-003
   375.99999159574509        1.4063003606110930E-002   4.3501969769501837E-003
   376.99999157339334        1.4053081713514534E-002   4.3471277757735748E-003
   377.99999155104160        1.4043128851229330E-002   4.3440489945491797E-003
   378.99999152868986        1.4033144975340948E-002   4.3409606196926900E-003
   379.99999150633812        1.4023130041704253E-002   4.3378626375483939E-003
   380.99999148398638        1.4013084005942023E-002   4.3347550343887636E-003
   381.99999146163464        1.4003006823443570E-002   4.3316377964141613E-003
   382.99999143928289        1.3992898449363416E-002   4.3285109097522534E-003
   383.99999141693115        1.3982758838619899E-002   4.3253743604576471E-003
   384.99999139457941        1.3972587945893787E-002   4.3222281345114610E-003
   385.99999137222767        1.3962385725626874E-002   4.3190722178208900E-003
   386.99999134987593        1.3952152132020584E-002   4.3159065962187736E-003
   387.99999132752419        1.3941887119034520E-002   4.3127312554631465E-003
   388.99999130517244        1.3931590640385051E-002   4.3095461812368060E-003
   389.99999128282070        1.3921262649543841E-002   4.3063513591468467E-003
   390.99999126046896        1.3910903099736431E-002   4.3031467747242369E-003
   391.99999123811722        1.3900511943940694E-002   4.2999324134233227E-003
   392.99999121576548        1.3890089134885425E-002   4.2967082606214114E-003
   393.99999119341373        1.3879634625048799E-002   4.2934743016182332E-003
   394.99999117106199        1.3869148366656875E-002   4.2902305216355758E-003
   395.99999114871025        1.3858630311682021E-002   4.2869769058167962E-003
   396.99999112635851        1.3848080411841443E-002   4.2837134392262723E-003
   397.99999110400677        1.3837498618595623E-002   4.2804401068489732E-003
   398.99999108165503        1.3826884883146678E-002   4.2771568935899423E-003
   399.99999105930328        1.3816239156436901E-002   4.2738637842738535E-003
   400.99999103695154        1.3805561389147075E-002   4.2705607636444841E-003
   401.99999101459980        1.3794851531694871E-002   4.2672478163642211E-003
   402.99999099224806        1.3784109534233282E-002   4.2639249270135784E-003
   403.99999096989632        1.3773335346648947E-002   4.2605920800906768E-003
   404.99999094754457        1.3762528918560477E-002   4.2572492600107242E-003
   405.99999092519283        1.3751690199316864E-002   4.2538964511055271E-003
   406.99999090284109        1.3740819137995738E-002   4.2505336376229509E-003
   407.99999088048935        1.3729915683401676E-002   4.2471608037263475E-003
   408.99999085813761        1.3718979784064516E-002   4.2437779334941394E-003
   409.99999083578587        1.3708011388237620E-002   4.2403850109192535E-003
   410.99999081343412        1.3697010443896124E-002   4.2369820199085117E-003
   411.99999079108238        1.3685976898735196E-002   4.2335689442821317E-003
   412.99999076873064        1.3674910700168260E-002   4.2301457677731804E-003
   413.99999074637890        1.3663811795325208E-002   4.2267124740270152E-003
   414.99999072402716        1.3652680131050575E-002   4.2232690466007233E-003
   415.99999070167542        1.3641515653901775E-002   4.2198154689625745E-003
   416.99999067932367        1.3630318310147200E-002   4.2163517244914349E-003
   417.99999065697193        1.3619088045764401E-002   4.2128777964762013E-003
   418.99999063462019        1.3607824806438205E-002   4.2093936681152216E-003
   419.99999061226845        1.3596528537558822E-002   4.2058993225157076E-003
   420.99999058991671        1.3585199184219961E-002   4.2023947426931526E-003
   421.99999056756496        1.3573836691216902E-002   4.1988799115706904E-003
   422.99999054521322        1.3562441003044537E-002   4.1953548119785834E-003
   423.99999052286148        1.3551012063895428E-002   4.1918194266536059E-003
   424.99999050050974        1.3539549817657820E-002   4.1882737382383578E-003
   425.99999047815800        1.3528054207913668E-002   4.1847177292806933E-003
   426.99999045580626        1.3516525177936596E-002   4.1811513822330847E-003
   427.99999043345451        1.3504962670689923E-002   4.1775746794520206E-003
   428.99999041110277        1.3493366628824518E-002   4.1739876031973338E-003
   429.99999038875103        1.3481736994676835E-002   4.1703901356315983E-003
   430.99999036639929        1.3470073710266742E-002   4.1667822588194571E-003
   431.99999034404755        1.3458376717295474E-002   4.1631639547269894E-003
   432.99999032169580        1.3446645957143472E-002   4.1595352052210387E-003
   433.99999029934406        1.3434881370868255E-002   4.1558959920685590E-003
   434.99999027699232        1.3423082899202214E-002   4.1522462969359273E-003
   435.99999025464058        1.3411250482550487E-002   4.1485861013882729E-003
   436.99999023228884        1.3399384060988727E-002   4.1449153868887830E-003
   437.99999020993710        1.3387483574260832E-002   4.1412341347981212E-003
   438.99999018758535        1.3375548961776723E-002   4.1375423263735767E-003
   439.99999016523361        1.3363580162610111E-002   4.1338399427684408E-003
   440.99999014288187        1.3351577115496161E-002   4.1301269650312784E-003
   441.99999012053013        1.3339539758829195E-002   4.1264033741052189E-003
   442.99999009817839        1.3327468030660346E-002   4.1226691508272307E-003
   443.99999007582664        1.3315361868695193E-002   4.1189242759273907E-003
   444.99999005347490        1.3303221210291422E-002   4.1151687300281610E-003
   445.99999003112316        1.3291045992456367E-002   4.1114024936436235E-003
   446.99999000877142        1.3278836151844615E-002   4.1076255471787478E-003
   447.99998998641968        1.3266591624755568E-002   4.1038378709286269E-003
   448.99998996406794        1.3254312347130917E-002   4.1000394450777028E-003
   449.99998994171619        1.3241998254552205E-002   4.0962302496990117E-003
   450.99998991936445        1.3229649282238295E-002   4.0924102647533316E-003
   451.99998989701271        1.3217265365042755E-002   4.0885794700885620E-003
   452.99998987466097        1.3204846437451385E-002   4.0847378454387994E-003
   453.99998985230923        1.3192392433579555E-002   4.0808853704235384E-003
   454.99998982995749        1.3179903287169602E-002   4.0770220245468806E-003
   455.99998980760574        1.3167378931588206E-002   4.0731477871967228E-003
   456.99998978525400        1.3154819299823694E-002   4.0692626376439269E-003
   457.99998976290226        1.3142224324483332E-002   4.0653665550414754E-003
   458.99998974055052        1.3129593937790628E-002   4.0614595184236416E-003
   459.99998971819878        1.3116928071582564E-002   4.0575415067051323E-003
   460.99998969584703        1.3104226657306803E-002   4.0536124986802237E-003
   461.99998967349529        1.3091489626018899E-002   4.0496724730218992E-003
   462.99998965114355        1.3078716908379482E-002   4.0457214082809763E-003
   463.99998962879181        1.3065908434651347E-002   4.0417592828852099E-003
   464.99998960644007        1.3053064134696585E-002   4.0377860751383875E-003
   465.99998958408833        1.3040183937973713E-002   4.0338017632194157E-003
   466.99998956173658        1.3027267773534624E-002   4.0298063251815426E-003
   467.99998953938484        1.3014315570021666E-002   4.0257997389512553E-003
   468.99998951703310        1.3001327255664627E-002   4.0217819823274246E-003
   469.99998949468136        1.2988302758277713E-002   4.0177530329803699E-003
   470.99998947232962        1.2975242005256469E-002   4.0137128684508980E-003
   471.99998944997787        1.2962144923574637E-002   4.0096614661493390E-003
   472.99998942762613        1.2949011439781076E-002   4.0055988033545929E-003
   473.99998940527439        1.2935841479996589E-002   4.0015248572131453E-003
   474.99998938292265        1.2922634969910678E-002   3.9974396047380636E-003
   475.99998936057091        1.2909391834778369E-002   3.9933430228080158E-003
   476.99998933821917        1.2896111999416935E-002   3.9892350881662597E-003
   477.99998931586742        1.2882795388202598E-002   3.9851157774196183E-003
   478.99998929351568        1.2869441925067194E-002   3.9809850670374505E-003
   479.99998927116394        1.2856051533494808E-002   3.9768429333505873E-003
   480.99998924881220        1.2842624136518398E-002   3.9726893525502951E-003
   481.99998922646046        1.2829159656716303E-002   3.9685243006873051E-003
   482.99998920410872        1.2815658016208825E-002   3.9643477536706016E-003
   483.99998918175697        1.2802119136654719E-002   3.9601596872663979E-003
   484.99998915940523        1.2788542939247648E-002   3.9559600770970342E-003
   485.99998913705349        1.2774929344712574E-002   3.9517488986398680E-003
   486.99998911470175        1.2761278273302186E-002   3.9475261272261643E-003
   487.99998909235001        1.2747589644793212E-002   3.9432917380399571E-003
   488.99998906999826        1.2733863378482736E-002   3.9390457061169049E-003
   489.99998904764652        1.2720099393184466E-002   3.9347880063431455E-003
   490.99998902529478        1.2706297607224951E-002   3.9305186134541191E-003
   491.99998900294304        1.2692457938439809E-002   3.9262375020334027E-003
   492.99998898059130        1.2678580304169823E-002   3.9219446465115024E-003
   493.99998895823956        1.2664664621257090E-002   3.9176400211646638E-003
   494.99998893588781        1.2650710806041033E-002   3.9133236001136296E-003
   495.99998891353607        1.2636718774354501E-002   3.9089953573223845E-003
   496.99998889118433        1.2622688441519671E-002   3.9046552665970794E-003
   497.99998886883259        1.2608619722344004E-002   3.9003033015845702E-003
   498.99998884648085        1.2594512531116195E-002   3.8959394357712426E-003
   499.99998882412910        1.2580366781601966E-002   3.8915636424817087E-003
   500.99998880177736        1.2566182387039883E-002   3.8871758948775094E-003
   501.99998877942562        1.2551959260137118E-002   3.8827761659558095E-003
   502.99998875707388        1.2537697313065140E-002   3.8783644285480573E-003
   503.99998873472214        1.2523396457455416E-002   3.8739406553186615E-003
   504.99998871237040        1.2509056604395013E-002   3.8695048187636278E-003
   505.99998869001865        1.2494677664422166E-002   3.8650568912091897E-003
   506.99998866766691        1.2480259547521780E-002   3.8605968448104135E-003
   507.99998864531517        1.2465802163120956E-002   3.8561246515498152E-003
   508.99998862296343        1.2451305420084349E-002   3.8516402832359299E-003
   509.99998860061169        1.2436769226709584E-002   3.8471437115018868E-003
   510.99998857825994        1.2422193490722568E-002   3.8426349078039138E-003
   511.99998855590820        1.2407578119272728E-002   3.8381138434199855E-003
   512.99998853355646        1.2392923018928236E-002   3.8335804894482749E-003
   513.99998851120472        1.2378228095671203E-002   3.8290348168056399E-003
   514.99998848885298        1.2363493254892766E-002   3.8244767962261287E-003
   515.99998846650124        1.2348718401388107E-002   3.8199063982594385E-003
   516.99998844414949        1.2333903439351510E-002   3.8153235932693870E-003
   517.99998842179775        1.2319048272371262E-002   3.8107283514323353E-003
   518.99998839944601        1.2304152803424524E-002   3.8061206427356005E-003
   519.99998837709427        1.2289216934872208E-002   3.8015004369758736E-003
   520.99998835474253        1.2274240568453663E-002   3.7968677037575720E-003
   521.99998833239079        1.2259223605281451E-002   3.7922224124912226E-003
   522.99998831003904        1.2244165945835954E-002   3.7875645323918019E-003
   523.99998828768730        1.2229067489959966E-002   3.7828940324770529E-003
   524.99998826533556        1.2213928136853213E-002   3.7782108815657945E-003
   525.99998824298382        1.2198747785066825E-002   3.7735150482762145E-003
   526.99998822063208        1.2183526332497703E-002   3.7688065010240530E-003
   527.99998819828033        1.2168263676382849E-002   3.7640852080210495E-003
   528.99998817592859        1.2152959713293634E-002   3.7593511372729857E-003
   529.99998815357685        1.2137614339130007E-002   3.7546042565779402E-003
   530.99998813122511        1.2122227449114611E-002   3.7498445335244776E-003
   531.99998810887337        1.2106798937786838E-002   3.7450719354898080E-003
   532.99998808652163        1.2091328698996807E-002   3.7402864296379227E-003
   533.99998806416988        1.2075816625899308E-002   3.7354879829177242E-003
   534.99998804181814        1.2060262610947635E-002   3.7306765620611177E-003
   535.99998801946640        1.2044666545887331E-002   3.7258521335810720E-003
   536.99998799711466        1.2029028321749935E-002   3.7210146637696923E-003
   537.99998797476292        1.2013347828846570E-002   3.7161641186962309E-003
   538.99998795241117        1.1997624956761502E-002   3.7113004642050965E-003
   539.99998793005943        1.1981859594345624E-002   3.7064236659138405E-003
   540.99998790770769        1.1966051629709781E-002   3.7015336892110913E-003
   541.99998788535595        1.1950200950218181E-002   3.6966304992545121E-003
   542.99998786300421        1.1934307442481560E-002   3.6917140609686308E-003
   543.99998784065247        1.1918370992350321E-002   3.6867843390428891E-003
   544.99998781830072        1.1902391484907645E-002   3.6818412979293569E-003
   545.99998779594898        1.1886368804462401E-002   3.6768849018405732E-003
   546.99998777359724        1.1870302834542152E-002   3.6719151147473900E-003
   547.99998775124550        1.1854193457885867E-002   3.6669319003767176E-003
   548.99998772889376        1.1838040556436665E-002   3.6619352222092838E-003
   549.99998770654202        1.1821844011334437E-002   3.6569250434773438E-003
   550.99998768419027        1.1805603702908401E-002   3.6519013271623865E-003
   551.99998766183853        1.1789319510669544E-002   3.6468640359927913E-003
   552.99998763948679        1.1772991313302977E-002   3.6418131324414626E-003
   553.99998761713505        1.1756618988660157E-002   3.6367485787234285E-003
   554.99998759478331        1.1740202413751084E-002   3.6316703367934209E-003
   555.99998757243156        1.1723741464736334E-002   3.6265783683434158E-003
   556.99998755007982        1.1707236016919071E-002   3.6214726348001592E-003
   557.99998752772808        1.1690685944736828E-002   3.6163530973226271E-003
   558.99998750537634        1.1674091121753306E-002   3.6112197167994632E-003
   559.99998748302460        1.1657451420650042E-002   3.6060724538464289E-003
   560.99998746067286        1.1640766713217886E-002   3.6009112688038308E-003
   561.99998743832111        1.1624036870348523E-002   3.5957361217337845E-003
   562.99998741596937        1.1607261762025744E-002   3.5905469724175632E-003
   563.99998739361763        1.1590441257316670E-002   3.5853437803528791E-003
   564.99998737126589        1.1573575224362889E-002   3.5801265047511431E-003
   565.99998734891415        1.1556663530371382E-002   3.5748951045346603E-003
   566.99998732656240        1.1539706041605431E-002   3.5696495383338136E-003
   567.99998730421066        1.1522702623375380E-002   3.5643897644842071E-003
   568.99998728185892        1.1505653140029232E-002   3.5591157410237609E-003
   569.99998725950718        1.1488557454943201E-002   3.5538274256897828E-003
   570.99998723715544        1.1471415430512055E-002   3.5485247759159846E-003
   571.99998721480370        1.1454226928139400E-002   3.5432077488294768E-003
   572.99998719245195        1.1436991808227760E-002   3.5378763012476958E-003
   573.99998717010021        1.1419709930168652E-002   3.5325303896753418E-003
   574.99998714774847        1.1402381152332395E-002   3.5271699703012167E-003
   575.99998712539673        1.1385005332057855E-002   3.5217949989950260E-003
   576.99998710304499        1.1367582325642039E-002   3.5164054313042200E-003
   577.99998708069324        1.1350111988329529E-002   3.5110012224507346E-003
   578.99998705834150        1.1332594174301826E-002   3.5055823273276213E-003
   579.99998703598976        1.1315028736666490E-002   3.5001487004957211E-003
   580.99998701363802        1.1297415527446170E-002   3.4947002961802729E-003
   581.99998699128628        1.1279754397567471E-002   3.4892370682674707E-003
   582.99998696893454        1.1262045196849675E-002   3.4837589703009715E-003
   583.99998694658279        1.1244287773993306E-002   3.4782659554783621E-003
   584.99998692423105        1.1226481976568546E-002   3.4727579766475722E-003
   585.99998690187931        1.1208627651003467E-002   3.4672349863032349E-003
   586.99998687952757        1.1190724642572114E-002   3.4616969365830015E-003
   587.99998685717583        1.1172772795382457E-002   3.4561437792638150E-003
   588.99998683482409        1.1154771952364126E-002   3.4505754657581126E-003
   589.99998681247234        1.1136721955255963E-002   3.4449919471099817E-003
   590.99998679012060        1.1118622644593493E-002   3.4393931739912752E-003
   591.99998676776886        1.1100473859696109E-002   3.4337790966976569E-003
   592.99998674541712        1.1082275438654131E-002   3.4281496651445841E-003
   593.99998672306538        1.1064027218315729E-002   3.4225048288632244E-003
   594.99998670071363        1.1045729034273507E-002   3.4168445369964695E-003
   595.99998667836189        1.1027380720851078E-002   3.4111687382946065E-003
   596.99998665601015        1.1008982111089345E-002   3.4054773811111310E-003
   597.99998663365841        1.0990533036732567E-002   3.3997704133984417E-003
   598.99998661130667        1.0972033328214391E-002   3.3940477827035164E-003
   599.99998658895493        1.0953482814643383E-002   3.3883094361634378E-003
   600.99998656660318        1.0934881323788639E-002   3.3825553205009420E-003
   601.99998654425144        1.0916228682065059E-002   3.3767853820198626E-003
   602.99998652189970        1.0897524714518393E-002   3.3709995666005056E-003
   603.99998649954796        1.0878769244810085E-002   3.3651978196949620E-003
   604.99998647719622        1.0859962095201948E-002   3.3593800863223650E-003
   605.99998645484447        1.0841103086540552E-002   3.3535463110640623E-003
   606.99998643249273        1.0822192038241391E-002   3.3476964380587163E-003
   607.99998641014099        1.0803228768272839E-002   3.3418304109973460E-003
   608.99998638778925        1.0784213093139847E-002   3.3359481731182789E-003
   609.99998636543751        1.0765144827867390E-002   3.3300496672020305E-003
   610.99998634308577        1.0746023785983707E-002   3.3241348355661140E-003
   611.99998632073402        1.0726849779503292E-002   3.3182036200597518E-003
   612.99998629838228        1.0707622618909479E-002   3.3122559620586203E-003
   613.99998627603054        1.0688342113137015E-002   3.3062918024593093E-003
   614.99998625367880        1.0669008069554174E-002   3.3003110816738398E-003
   615.99998623132706        1.0649620293944676E-002   3.2943137396240743E-003
   616.99998620897532        1.0630178590489328E-002   3.2882997157360357E-003
   617.99998618662357        1.0610682761747347E-002   3.2822689489341306E-003
   618.99998616427183        1.0591132608637447E-002   3.2762213776352965E-003
   619.99998614192009        1.0571527930418566E-002   3.2701569397430440E-003
   620.99998611956835        1.0551868524670384E-002   3.2640755726414299E-003
   621.99998609721661        1.0532154187273483E-002   3.2579772131889140E-003
   622.99998607486486        1.0512384712389163E-002   3.2518617977121229E-003
   623.99998605251312        1.0492559892439017E-002   3.2457292619995273E-003
   624.99998603016138        1.0472679518084114E-002   3.2395795412950073E-003
   625.99998600780964        1.0452743378203972E-002   3.2334125702913386E-003
   626.99998598545790        1.0432751259875004E-002   3.2272282831235376E-003
   627.99998596310616        1.0412702948348819E-002   3.2210266133621385E-003
   628.99998594075441        1.0392598227030045E-002   3.2148074940063372E-003
   629.99998591840267        1.0372436877453855E-002   3.2085708574770048E-003
   630.99998589605093        1.0352218679263104E-002   3.2023166356096970E-003
   631.99998587369919        1.0331943410185120E-002   3.1960447596474429E-003
   632.99998585134745        1.0311610846008127E-002   3.1897551602334097E-003
   633.99998582899570        1.0291220760557248E-002   3.1834477674035052E-003
   634.99998580664396        1.0270772925670116E-002   3.1771225105788363E-003
   635.99998578429222        1.0250267111172153E-002   3.1707793185580587E-003
   636.99998576194048        1.0229703084851337E-002   3.1644181195095741E-003
   637.99998573958874        1.0209080612432661E-002   3.1580388409636266E-003
   638.99998571723700        1.0188399457552056E-002   3.1516414098042402E-003
   639.99998569488525        1.0167659381730020E-002   3.1452257522610557E-003
   640.99998567253351        1.0146860144344634E-002   3.1387917939009881E-003
   641.99998565018177        1.0126001502604273E-002   3.1323394596197845E-003
   642.99998562783003        1.0105083211519787E-002   3.1258686736334151E-003
   643.99998560547829        1.0084105023876230E-002   3.1193793594693348E-003
   644.99998558312654        1.0063066690204089E-002   3.1128714399575753E-003
   645.99998556077480        1.0041967958750047E-002   3.1063448372217074E-003
   646.99998553842306        1.0020808575447241E-002   3.0997994726696364E-003
   647.99998551607132        9.9995882838849904E-003   3.0932352669842417E-003
   648.99998549371958        9.9783068252780327E-003   3.0866521401138373E-003
   649.99998547136784        9.9569639384351986E-003   3.0800500112625018E-003
   650.99998544901609        9.9355593597275412E-003   3.0734287988802831E-003
   651.99998542666435        9.9140928230559196E-003   3.0667884206530688E-003
   652.99998540431261        9.8925640598180528E-003   3.0601287934924307E-003
   653.99998538196087        9.8709727988749076E-003   3.0534498335252356E-003
   654.99998535960913        9.8493187665165769E-003   3.0467514560830839E-003
   655.99998533725739        9.8276016864274687E-003   3.0400335756915423E-003
   656.99998531490564        9.8058212796509770E-003   3.0332961060592178E-003
   657.99998529255390        9.7839772645534270E-003   3.0265389600666009E-003
   658.99998527020216        9.7620693567873913E-003   3.0197620497547225E-003
   659.99998524785042        9.7400972692543927E-003   3.0129652863136120E-003
   660.99998522549868        9.7180607120668679E-003   3.0061485800705343E-003
   661.99998520314693        9.6959593925095150E-003   2.9993118404780311E-003
   662.99998518079519        9.6737930149998312E-003   2.9924549761017180E-003
   663.99998515844345        9.6515612810480159E-003   2.9855778946078731E-003
   664.99998513609171        9.6292638892160696E-003   2.9786805027507946E-003
   665.99998511373997        9.6069005350761984E-003   2.9717627063599239E-003
   666.99998509138823        9.5844709111683659E-003   2.9648244103267244E-003
   667.99998506903648        9.5619747069571447E-003   2.9578655185913284E-003
   668.99998504668474        9.5394116087876672E-003   2.9508859341289030E-003
   669.99998502433300        9.5167812998408190E-003   2.9438855589357629E-003
   670.99998500198126        9.4940834600875015E-003   2.9368642940153559E-003
   671.99998497962952        9.4713177662421200E-003   2.9298220393637244E-003
   672.99998495727777        9.4484838917151277E-003   2.9227586939548772E-003
   673.99998493492603        9.4255815065646415E-003   2.9156741557258264E-003
   674.99998491257429        9.4026102774471682E-003   2.9085683215613412E-003
   675.99998489022255        9.3795698675673590E-003   2.9014410872784074E-003
   676.99998486787081        9.3564599366267841E-003   2.8942923476103803E-003
   677.99998484551907        9.3332801407716940E-003   2.8871219961908276E-003
   678.99998482316732        9.3100301325397764E-003   2.8799299255370548E-003
   679.99998480081558        9.2867095608058382E-003   2.8727160270333074E-003
   680.99998477846384        9.2633180707264451E-003   2.8654801909136444E-003
   681.99998475611210        9.2398553036834325E-003   2.8582223062444618E-003
   682.99998473376036        9.2163208972262621E-003   2.8509422609066660E-003
   683.99998471140862        9.1927144850132928E-003   2.8436399415775028E-003
   684.99998468905687        9.1690356967517837E-003   2.8363152337119992E-003
   685.99998466670513        9.1452841581367312E-003   2.8289680215240450E-003
   686.99998464435339        9.1214594907884604E-003   2.8215981879670853E-003
   687.99998462200165        9.0975613121889003E-003   2.8142056147144102E-003
   688.99998459964991        9.0735892356165349E-003   2.8067901821390308E-003
   689.99998457729816        9.0495428700801198E-003   2.7993517692931767E-003
   690.99998455494642        9.0254218202508972E-003   2.7918902538872827E-003
   691.99998453259468        9.0012256863933864E-003   2.7844055122687060E-003
   692.99998451024294        8.9769540642948599E-003   2.7768974193998013E-003
   693.99998448789120        8.9526065451932067E-003   2.7693658488356248E-003
   694.99998446553946        8.9281827157032898E-003   2.7618106727011634E-003
   695.99998444318771        8.9036821577417585E-003   2.7542317616680756E-003
   696.99998442083597        8.8791044484502393E-003   2.7466289849309333E-003
   697.99998439848423        8.8544491601168906E-003   2.7390022101829530E-003
   698.99998437613249        8.8297158600961975E-003   2.7313513035911903E-003
   699.99998435378075        8.8049041107271259E-003   2.7236761297712141E-003
   700.99998433142900        8.7800134692493630E-003   2.7159765517612055E-003
   701.99998430907726        8.7550434877178372E-003   2.7082524309955110E-003
   702.99998428672552        8.7299937129152339E-003   2.7005036272775783E-003
   703.99998426437378        8.7048636862627118E-003   2.6927299987523448E-003
   704.99998424202204        8.6796529437284751E-003   2.6849314018779487E-003
   705.99998421967030        8.6543610157344061E-003   2.6771076913968484E-003
   706.99998419731855        8.6289874270605200E-003   2.6692587203062724E-003
   707.99998417496681        8.6035316967472998E-003   2.6613843398279992E-003
   708.99998415261507        8.5779933379957936E-003   2.6534843993774627E-003
   709.99998413026333        8.5523718580654186E-003   2.6455587465321305E-003
   710.99998410791159        8.5266667581693559E-003   2.6376072269991536E-003
   711.99998408555984        8.5008775333676734E-003   2.6296296845823011E-003
   712.99998406320810        8.4750036724577735E-003   2.6216259611480594E-003
   713.99998404085636        8.4490446578623975E-003   2.6135958965909866E-003
   714.99998401850462        8.4229999655149584E-003   2.6055393287983219E-003
   715.99998399615288        8.3968690647421400E-003   2.5974560936135663E-003
   716.99998397380114        8.3706514181437468E-003   2.5893460247993524E-003
   717.99998395144939        8.3443464814696271E-003   2.5812089539993715E-003
   718.99998392909765        8.3179537034936378E-003   2.5730447106993887E-003
   719.99998390674591        8.2914725258846148E-003   2.5648531221873290E-003
   720.99998388439417        8.2649023830740943E-003   2.5566340135123578E-003
   721.99998386204243        8.2382427021209220E-003   2.5483872074429999E-003
   722.99998383969069        8.2114929025724152E-003   2.5401125244241909E-003
   723.99998381733894        8.1846523963221528E-003   2.5318097825332902E-003
   724.99998379498720        8.1577205874641835E-003   2.5234787974349761E-003
   725.99998377263546        8.1306968721435967E-003   2.5151193823350301E-003
   726.99998375028372        8.1035806384033345E-003   2.5067313479329406E-003
   727.99998372793198        8.0763712660270673E-003   2.4983145023733085E-003
   728.99998370558023        8.0490681263781470E-003   2.4898686511960208E-003
   729.99998368322849        8.0216705822343352E-003   2.4813935972851325E-003
   730.99998366087675        7.9941779876182995E-003   2.4728891408164304E-003
   731.99998363852501        7.9665896876237371E-003   2.4643550792036468E-003
   732.99998361617327        7.9389050182368873E-003   2.4557912070432464E-003
   733.99998359382153        7.9111233061533812E-003   2.4471973160577714E-003
   734.99998357146978        7.8832438685902829E-003   2.4385731950377020E-003
   735.99998354911804        7.8552660130930454E-003   2.4299186297817360E-003
   736.99998352676630        7.8271890373373346E-003   2.4212334030354883E-003
   737.99998350441456        7.7990122289255462E-003   2.4125172944285105E-003
   738.99998348206282        7.7707348651776722E-003   2.4037700804096962E-003
   739.99998345971107        7.7423562129166094E-003   2.3949915341807924E-003
   740.99998343735933        7.7138755282475041E-003   2.3861814256281432E-003
   741.99998341500759        7.6852920563309154E-003   2.3773395212525390E-003
   742.99998339265585        7.6566050311497758E-003   2.3684655840971228E-003
   743.99998337030411        7.6278136752697748E-003   2.3595593736732705E-003
   744.99998334795237        7.5989171995929135E-003   2.3506206458843567E-003
   745.99998332560062        7.5699148031041852E-003   2.3416491529473925E-003
   746.99998330324888        7.5408056726109229E-003   2.3326446433123982E-003
   747.99998328089714        7.5115889824746550E-003   2.3236068615794551E-003
   748.99998325854540        7.4822638943351817E-003   2.3145355484133516E-003
   749.99998323619366        7.4528295568266718E-003   2.3054304404557641E-003
   750.99998321384192        7.4232851052852804E-003   2.2962912702348109E-003
   751.99998319149017        7.3936296614482630E-003   2.2871177660719767E-003
   752.99998316913843        7.3638623331440172E-003   2.2779096519862322E-003
   753.99998314678669        7.3339822139728717E-003   2.2686666475952915E-003
   754.99998312443495        7.3039883829782073E-003   2.2593884680138761E-003
   755.99998310208321        7.2738799043076041E-003   2.2500748237488963E-003
   756.99998307973146        7.2436558268635680E-003   2.2407254205914075E-003
   757.99998305737972        7.2133151839434912E-003   2.2313399595052384E-003
   758.99998303502798        7.1828569928683965E-003   2.2219181365121473E-003
   759.99998301267624        7.1522802546000932E-003   2.2124596425733946E-003
   760.99998299032450        7.1215839533462083E-003   2.2029641634675632E-003
   761.99998296797276        7.0907670561526862E-003   2.1934313796645065E-003
   762.99998294562101        7.0598285124832448E-003   2.1838609661952581E-003
   763.99998292326927        7.0287672537852185E-003   2.1742525925177300E-003
   764.99998290091753        6.9975821930413351E-003   2.1646059223780264E-003
   765.99998287856579        6.9662722243067771E-003   2.1549206136673394E-003
   766.99998285621405        6.9348362222309548E-003   2.1451963182739313E-003
   767.99998283386230        6.9032730415633896E-003   2.1354326819302996E-003
   768.99998281151056        6.8715815166430190E-003   2.1256293440552075E-003
   769.99998278915882        6.8397604608702285E-003   2.1157859375903658E-003
   770.99998276680708        6.8078086661608863E-003   2.1059020888315443E-003
   771.99998274445534        6.7757249023816767E-003   2.0959774172539000E-003
   772.99998272210360        6.7435079167658171E-003   2.0860115353312394E-003
   773.99998269975185        6.7111564333084432E-003   2.0760040483489874E-003
   774.99998267740011        6.6786691521406802E-003   2.0659545542105642E-003
   775.99998265504837        6.6460447488814961E-003   2.0558626432368907E-003
   776.99998263269663        6.6132818739664031E-003   2.0457278979587332E-003
   777.99998261034489        6.5803791519519154E-003   2.0355498929015441E-003
   778.99998258799314        6.5473351807947000E-003   2.0253281943624791E-003
   779.99998256564140        6.5141485311042613E-003   2.0150623601792247E-003
   780.99998254328966        6.4808177453679781E-003   2.0047519394902746E-003
   781.99998252093792        6.4473413371472022E-003   1.9943964724862527E-003
   782.99998249858618        6.4137177902430708E-003   1.9839954901518693E-003
   783.99998247623444        6.3799455578306052E-003   1.9735485139980675E-003
   784.99998245388269        6.3460230615596282E-003   1.9630550557839027E-003
   785.99998243153095        6.3119486906208985E-003   1.9525146172276644E-003
   786.99998240917921        6.2777208007757492E-003   1.9419266897067085E-003
   787.99998238682747        6.2433377133475363E-003   1.9312907539454766E-003
   788.99998236447573        6.2087977141729424E-003   1.9206062796910948E-003
   789.99998234212399        6.1740990525112043E-003   1.9098727253759583E-003
   790.99998231977224        6.1392399399091439E-003   1.8990895377666466E-003
   791.99998229742050        6.1042185490197539E-003   1.8882561515984654E-003
   792.99998227506876        6.0690330123720094E-003   1.8773719891949081E-003
   793.99998225271702        6.0336814210893474E-003   1.8664364600712324E-003
   794.99998223036528        5.9981618235542032E-003   1.8554489605213565E-003
   795.99998220801353        5.9624722240157442E-003   1.8444088731871403E-003
   796.99998218566179        5.9266105811377409E-003   1.8333155666092999E-003
   797.99998216331005        5.8905748064835015E-003   1.8221683947586358E-003
   798.99998214095831        5.8543627629343556E-003   1.8109666965468454E-003
   799.99998211860657        5.8179722630380577E-003   1.7997097953156270E-003
   800.99998209625483        5.7814010672833371E-003   1.7883969983029347E-003
   801.99998207390308        5.7446468822963557E-003   1.7770275960850767E-003
   802.99998205155134        5.7077073589547576E-003   1.7656008619933239E-003
   803.99998202919960        5.6705800904145757E-003   1.7541160515035590E-003
   804.99998200684786        5.6332626100450032E-003   1.7425724015974269E-003
   805.99998198449612        5.5957523892656204E-003   1.7309691300933119E-003
   806.99998196214437        5.5580468352803523E-003   1.7193054349453664E-003
   807.99998193979263        5.5201432887020648E-003   1.7075804935087141E-003
   808.99998191744089        5.4820390210611183E-003   1.6957934617687551E-003
   809.99998189508915        5.4437312321908588E-003   1.6839434735324013E-003
   810.99998187273741        5.4052170474824740E-003   1.6720296395789074E-003
   811.99998185038567        5.3664935150010513E-003   1.6600510467677605E-003
   812.99998182803392        5.3275576024540815E-003   1.6480067571009291E-003
   813.99998180568218        5.2884061940029750E-003   1.6358958067365494E-003
   814.99998178333044        5.2490360869074893E-003   1.6237172049509252E-003
   815.99998176097870        5.2094439879920599E-003   1.6114699330454355E-003
   816.99998173862696        5.1696265099223249E-003   1.5991529431947295E-003
   817.99998171627522        5.1295801672790109E-003   1.5867651572322361E-003
   818.99998169392347        5.0893013724155160E-003   1.5743054653687642E-003
   819.99998167157173        5.0487864310842069E-003   1.5617727248395585E-003
   820.99998164921999        5.0080315378153500E-003   1.5491657584748347E-003
   821.99998162686825        4.9670327710311987E-003   1.5364833531883897E-003
   822.99998160451651        4.9257860878762624E-003   1.5237242583784163E-003
   823.99998158216476        4.8842873187430859E-003   1.5108871842341289E-003
   824.99998155981302        4.8425321614712497E-003   1.4979707999413019E-003
   825.99998153746128        4.8005161751950801E-003   1.4849737317791467E-003
   826.99998151510954        4.7582347738135237E-003   1.4718945611003034E-003
   827.99998149275780        4.7156832190531767E-003   1.4587318221849872E-003
   828.99998147040606        4.6728566130926916E-003   1.4454839999594479E-003
   829.99998144805431        4.6297498907139096E-003   1.4321495275680322E-003
   830.99998142570257        4.5863578109417279E-003   1.4187267837870901E-003
   831.99998140335083        4.5426749481309557E-003   1.4052140902678163E-003
   832.99998138099909        4.4986956824543825E-003   1.3916097085938663E-003
   833.99998135864735        4.4544141897417070E-003   1.3779118371381547E-003
   834.99998133629560        4.4098244306137622E-003   1.3641186077017005E-003
   835.99998131394386        4.3649201388508462E-003   1.3502280819155360E-003
   836.99998129159212        4.3196948089275575E-003   1.3362382473847479E-003
   837.99998126924038        4.2741416826390950E-003   1.3221470135515228E-003
   838.99998124688864        4.2282537347361586E-003   1.3079522072514985E-003
   839.99998122453690        4.1820236574761378E-003   1.2936515679348895E-003
   840.99998120218515        4.1354438439881033E-003   1.2792427425206735E-003
   841.99998117983341        4.0885063703372023E-003   1.2647232798484584E-003
   842.99998115748167        4.0412029761608681E-003   1.2500906246885617E-003
   843.99998113512993        3.9935250437339830E-003   1.2353421112661046E-003
   844.99998111277819        3.9454635753028537E-003   1.2204749562495884E-003
   845.99998109042645        3.8970091685080871E-003   1.2054862511483011E-003
   846.99998106807470        3.8481519896937867E-003   1.1903729540558806E-003
   847.99998104572296        3.7988817448744755E-003   1.1751318806693333E-003
   848.99998102337122        3.7491876481010331E-003   1.1597596945034719E-003
   849.99998100101948        3.6990583869324399E-003   1.1442528962100711E-003
   850.99998097866774        3.6484820846798419E-003   1.1286078118985909E-003
   851.99998095631599        3.5974462590427979E-003   1.1128205803408657E-003
   852.99998093396425        3.5459377767031873E-003   1.0968871389253538E-003
   853.99998091161251        3.4939428033785957E-003   1.0808032082068398E-003
   854.99998088926077        3.4414467487622483E-003   1.0645642748743573E-003
   855.99998086690903        3.3884342056886771E-003   1.0481655729329251E-003
   856.99998084455729        3.3348888827601044E-003   1.0316020628624444E-003
   857.99998082220554        3.2807935295451336E-003   1.0148684084789407E-003
   858.99998079985380        3.2261298533140729E-003   9.9795895117778060E-004
   859.99998077750206        3.1708784260989801E-003   9.8086768118397366E-004
   860.99998075515032        3.1150185806545147E-003   9.6358820536909058E-004
   861.99998073279858        3.0585282936396257E-003   9.4611371111512311E-004
   862.99998071044683        3.0013840540289681E-003   9.2843692560936426E-004
   863.99998068809509        2.9435607143831624E-003   9.1055006983690578E-004
   864.99998066574335        2.8850313221406207E-003   8.9244480639308137E-004
   865.99998064339161        2.8257669275175892E-003   8.7411218005998539E-004
   866.99998062103987        2.7657363638870086E-003   8.5554254986968932E-004
   867.99998059868813        2.7049059956106478E-003   8.3672551109957648E-004
   868.99998057633638        2.6432394271696351E-003   8.1764980529586845E-004
   869.99998055398464        2.5806971660041339E-003   7.9830321597770923E-004
   870.99998053163290        2.5172362296366087E-003   7.7867244710614594E-004
   871.99998050928116        2.4528096852814429E-003   7.5874298066868837E-004
   872.99998048692942        2.3873661070518775E-003   7.3849890877373148E-004
   873.99998046457767        2.3208489318041797E-003   7.1792273438979915E-004
   874.99998044222593        2.2531956892396753E-003   6.9699513318818298E-004
   875.99998041987419        2.1843370745864010E-003   6.7569466668975181E-004
   876.99998039752245        2.1141958222254602E-003   6.5399743383673793E-004
   877.99998037517071        2.0426853248546014E-003   6.3187664384995888E-004
   878.99998035281897        1.9697079234383373E-003   6.0930208724837925E-004
   879.99998033046722        1.8951527655682563E-003   5.8623947336229382E-004
   880.99998030811548        1.8188930896653990E-003   5.6264959023864054E-004
   881.99998028576374        1.7407827327676154E-003   5.3848722437299418E-004
   882.99998026341200        1.6606515689381967E-003   5.1369974964394160E-004
   883.99998024106026        1.5782994438729419E-003   4.8822525106710071E-004
   884.99998021870852        1.4934879440934472E-003   4.6198997870813564E-004
   885.99998019635677        1.4059289617448904E-003   4.3490481036004275E-004
   886.99998017400503        1.3152683642771320E-003   4.0686019998333679E-004
   887.99998015165329        1.2210619000573764E-003   3.7771872443832468E-004
   888.99998012930155        1.1227382218114272E-003   3.4730364529462381E-004
   889.99998010694981        1.0195393233116041E-003   3.1538048373882068E-004
   890.99998008459806        9.1041853222358830E-004   2.8162546606296641E-004
   891.99998006224632        7.9385123409683343E-004   2.4556697373119167E-004
   892.99998003989458        6.6744278597738124E-004   2.0646425684212144E-004
   893.99998001754284        5.2697273598949982E-004   1.6301177658649681E-004
   894.99997999519110        3.6333075113095841E-004   1.1239137660336179E-004
   895.99997997283936        1.4371197202585519E-004   4.4455324301824422E-005
   896.99997995048761       -1.1169834818189277      -0.34552349553072836     
   897.99997992813587       -2.7841231278749827      -0.86123024269235682     
   898.99997990578413       -4.4512627739323287       -1.3769369898532693     
   899.99997988343239       -6.1184024199903240       -1.8926437370132672     
   900.99997986108065       -7.7855420660488068       -2.4083504841723005     
   901.99997983872890       -9.4526817121077116       -2.9240572313303486     
   902.99997981637716       -11.119821358166947       -3.4397639784873837     
   903.99997979402542       -12.786961004226653       -3.9554707256434489     
   904.99997977167368       -14.454100650286671       -4.4711774727984954     
   905.99997974932194       -16.121240296347093       -4.9868842199525512     
   906.99997972697020       -17.788379942407911       -5.5025909671056157     
   907.99997970461845       -19.455519588469045       -6.0182977142576606     
   908.99997968226671       -21.122659234530495       -6.5340044614086885     
   909.99997965991497       -22.789798880592258       -7.0497112085586968     
   910.99997963756323       -24.456938526654341       -7.5654179557076890     
   911.99997961521149       -26.124078172716732       -8.0811247028556643     
   912.99997959285975       -27.791217818779440       -8.5968314500026182     
   913.99997957050800       -29.458357464842468       -9.1125381971485560     
   914.99997954815626       -31.125497110905798       -9.6282449442934759     
   915.99997952580452       -32.792636756969451       -10.143951691437376     
   916.99997950345278       -34.459776403033423       -10.659658438580260     
   917.99997948110104       -36.126916049097701       -11.175365185722127     
   918.99997945874929       -37.794055695162307       -11.691071932862974     
   919.99997943639755       -39.461195341227217       -12.206778680002804     
   920.99997941404581       -41.128334987292440       -12.722485427141617     
   921.99997939169407       -42.795474633357991       -13.238192174279408     
   922.99997936934233       -44.462614279423846       -13.753898921416186     
   923.99997934699059       -46.129753925490014       -14.269605668551943     
   924.99997932463884       -47.796893571556510       -14.785312415686681     
   925.99997930228710       -49.464033217623310       -15.301019162820404     
   926.99997927993536       -51.131172863690423       -15.816725909953108     
   927.99997925758362       -52.798312509757857       -16.332432657084794     
   928.99997923523188       -54.465452155825609       -16.848139404215463     
   929.99997921288013       -56.132591801893668       -17.363846151345111     
   930.99997919052839       -57.799731447962046       -17.879552898473744     
   931.99997916817665       -59.466871094030736       -18.395259645601357     
   932.99997914582491       -61.134010740099740       -18.910966392727950     
   933.99997912347317       -62.801150386168388       -19.426673139853321     
   934.99997910112143       -64.468290032237348       -19.942379886977672     
   935.99997907876968       -66.135429678306622       -20.458086634101001     
   936.99997905641794       -67.802569324376208       -20.973793381223317     
   937.99997903406620       -69.469708970446106       -21.489500128344613     
   938.99997901171446       -71.136848616516332       -22.005206875464889     
   939.99997898936272       -72.803988262586856       -22.520913622584150     
   940.99997896701097       -74.471127908657706       -23.036620369702394     
   941.99997894465923       -76.138267554728870       -23.552327116819615     
   942.99997892230749       -77.805407200800346       -24.068033863935820     
   943.99997889995575       -79.472546846872135       -24.583740611051009     
   944.99997887760401       -81.139686492944250       -25.099447358165179     
   945.99997885525227       -82.806826139016664       -25.615154105278332     
   946.99997883290052       -84.473965785089405       -26.130860852390466     
   947.99997881054878       -86.141105431162458       -26.646567599501580     
   948.99997878819704       -87.808245077235824       -27.162274346611678     
   949.99997876584530       -89.475384723309503       -27.677981093720756     
   950.99997874349356       -91.142524369383509       -28.193687840828819     
   951.99997872114182       -92.809664015457813       -28.709394587935865     
   952.99997869879007       -94.476803661532443       -29.225101335041888     
   953.99997867643833       -96.143943307607387       -29.740808082146899     
   954.99997865408659       -97.811082953682629       -30.256514829250889     
   955.99997863173485       -99.478222599758197       -30.772221576353857     
   956.99997860938311       -101.14536224583409       -31.287928323455816     
   957.99997858703136       -102.81250189191029       -31.803635070556751     
   958.99997856467962       -104.47964153798681       -32.319341817656664     
   959.99997854232788       -106.14678118406364       -32.835048564755567     
   960.99997851997614       -107.81392083014079       -33.350755311853455     
   961.99997849762440       -109.48106047621825       -33.866462058950312     
   962.99997847527266       -111.14820012229602       -34.382168806046160     
   963.99997845292091       -112.81533976837412       -34.897875553140992     
   964.99997843056917       -114.48247941445251       -35.413582300234800     
   965.99997840821743       -116.14961906053124       -35.929289047327593     
   966.99997838586569       -117.81675870661027       -36.444995794419363     
   967.99997836351395       -119.48389835268962       -36.960702541510116     
   968.99997834116220       -121.15103799876928       -37.476409288599861     
   969.99997831881046       -122.81817764484927       -37.992116035688575     
   970.99997829645872       -124.48531729092956       -38.507822782776280     
   971.99997827410698       -126.15245693701017       -39.023529529862969     
   972.99997825175524       -127.81959658309110       -39.539236276948628     
   973.99997822940350       -129.48673622917232       -40.054943024033278     
   974.99997820705175       -131.15387587525387       -40.570649771116912     
   975.99997818470001       -132.82101552133577       -41.086356518199516     
   976.99997816234827       -134.48815516741794       -41.602063265281117     
   977.99997813999653       -136.15529481350043       -42.117770012361696     
   978.99997811764479       -137.82243445958326       -42.633476759441244     
   979.99997809529305       -139.48957410566638       -43.149183506519790     
   980.99997807294130       -141.15671375174981       -43.664890253597314     
   981.99997805058956       -142.82385339783357       -44.180597000673814     
   982.99997802823782       -144.49099304391765       -44.696303747749305     
   983.99997800588608       -146.15813269000205       -45.212010494823772     
   984.99997798353434       -147.82527233608675       -45.727717241897217     
   985.99997796118259       -149.49241198217177       -46.243423988969653     
   986.99997793883085       -151.15955162825708       -46.759130736041065     
   987.99997791647911       -152.82669127434275       -47.274837483111462     
   988.99997789412737       -154.49383092042871       -47.790544230180842     
   989.99997787177563       -156.16097056651498       -48.306250977249199     
   990.99997784942389       -157.82811021260159       -48.821957724316540     
   991.99997782707214       -159.49524985868848       -49.337664471382872     
   992.99997780472040       -161.16238950477569       -49.853371218448167     
   993.99997778236866       -162.82952915086324       -50.369077965512460     
   994.99997776001692       -164.49666879695110       -50.884784712575737     
   995.99997773766518       -166.16380844303924       -51.400491459637983     
   996.99997771531343       -167.83094808912773       -51.916198206699221     
   997.99997769296169       -169.49808773521656       -52.431904953759442     
   998.99997767060995       -171.16522738130564       -52.947611700818634     
   999.99997764825821       -172.83236702739507       -53.463318447876816     
