   0.0000000000000000        1.0000000000000000        0.0000000000000000     
  0.99999997764825821       0.99999999999645772        2.6616998498708266E-006
   1.9999999552965164       0.99999999998583067        5.3233996997227957E-006
   2.9999999329447746       0.99999999996811906        7.9850995495370510E-006
   3.9999999105930328       0.99999999994332278        1.0646799399294735E-005
   4.9999998882412910       0.99999999991144195        1.3308499248976989E-005
   5.9999998658895493       0.99999999987247634        1.5970199098564957E-005
   6.9999998435378075       0.99999999982642618        1.8631898948039785E-005
   7.9999998211860657       0.99999999977329135        2.1293598797382607E-005
   8.9999997988343239       0.99999999971307185        2.3955298646574576E-005
   9.9999997764825821       0.99999999964576769        2.6616998495596827E-005
   10.999999754130840       0.99999999957137886        2.9278698344430508E-005
   11.999999731779099       0.99999999948990548        3.1940398193056757E-005
   12.999999709427357       0.99999999940134743        3.4602098041456726E-005
   13.999999687075615       0.99999999930570471        3.7263797889611544E-005
   14.999999664723873       0.99999999920297733        3.9925497737502366E-005
   15.999999642372131       0.99999999909316528        4.2587197585110332E-005
   16.999999620020390       0.99999999897626868        4.5248897432416579E-005
   17.999999597668648       0.99999999885228730        4.7910597279402254E-005
   18.999999575316906       0.99999999872122136        5.0572297126048500E-005
   19.999999552965164       0.99999999858307076        5.3233996972336457E-005
   20.999999530613422       0.99999999843783549        5.5895696818247268E-005
   21.999999508261681       0.99999999828551567        5.8557396663762080E-005
   22.999999485909939       0.99999999812611107        6.1219096508862043E-005
   23.999999463558197       0.99999999795962191        6.3880796353528278E-005
   24.999999441206455       0.99999999778604809        6.6542496197741940E-005
   25.999999418854713       0.99999999760538960        6.9204196041484177E-005
   26.999999396502972       0.99999999741764645        7.1865895884736124E-005
   27.999999374151230       0.99999999722281874        7.4527595727478930E-005
   28.999999351799488       0.99999999702090636        7.7189295569693729E-005
   29.999999329447746       0.99999999681190921        7.9850995411361684E-005
   30.999999307096004       0.99999999659582750        8.2512695252463903E-005
   31.999999284744263       0.99999999637266124        8.5174395092981560E-005
   32.999999262392521       0.99999999614241020        8.7836094932895791E-005
   33.999999240040779       0.99999999590507460        9.0497794772187716E-005
   34.999999217689037       0.99999999566065423        9.3159494610838513E-005
   35.999999195337296       0.99999999540914930        9.5821194448829301E-005
   36.999999172985554       0.99999999515055971        9.8482894286141230E-005
   37.999999150633812       0.99999999488488556        1.0114459412275545E-004
   38.999999128282070       0.99999999461212663        1.0380629395865309E-004
   39.999999105930328       0.99999999433228315        1.0646799379381530E-004
   40.999999083578587       0.99999999404535500        1.0912969362822322E-004
   41.999999061226845       0.99999999375134219        1.1179139346185800E-004
   42.999999038875103       0.99999999345024471        1.1445309329470076E-004
   43.999999016523361       0.99999999314206256        1.1711479312673268E-004
   44.999998994171619       0.99999999282679586        1.1977649295793488E-004
   45.999998971819878       0.99999999250444449        1.2243819278828850E-004
   46.999998949468136       0.99999999217500846        1.2509989261777471E-004
   47.999998927116394       0.99999999183848776        1.2776159244637459E-004
   48.999998904764652       0.99999999149488239        1.3042329227406935E-004
   49.999998882412910       0.99999999114419236        1.3308499210084012E-004
   50.999998860061169       0.99999999078641777        1.3574669192666802E-004
   51.999998837709427       0.99999999042155852        1.3840839175153417E-004
   52.999998815357685       0.99999999004961460        1.4107009157541978E-004
   53.999998793005943       0.99999998967058601        1.4373179139830596E-004
   54.999998770654202       0.99999998928447276        1.4639349122017386E-004
   55.999998748302460       0.99999998889127495        1.4905519104100456E-004
   56.999998725950718       0.99999998849099248        1.5171689086077931E-004
   57.999998703598976       0.99999998808362534        1.5437859067947920E-004
   58.999998681247234       0.99999998766917353        1.5704029049708534E-004
   59.999998658895493       0.99999998724763706        1.5970199031357891E-004
   60.999998636543751       0.99999998681901603        1.6236369012894106E-004
   61.999998614192009       0.99999998638331022        1.6502538994315292E-004
   62.999998591840267       0.99999998594051986        1.6768708975619566E-004
   63.999998569488525       0.99999998549064484        1.7034878956805033E-004
   64.999998547136784       0.99999998503368515        1.7301048937869818E-004
   65.999998524785042       0.99999998456964090        1.7567218918812034E-004
   66.999998502433300       0.99999998409851187        1.7833388899629788E-004
   67.999998480081558       0.99999998362029829        1.8099558880321201E-004
   68.999998457729816       0.99999998313500005        1.8365728860884382E-004
   69.999998435378075       0.99999998264261714        1.8631898841317451E-004
   70.999998413026333       0.99999998214314956        1.8898068821618521E-004
   71.999998390674591       0.99999998163659742        1.9164238801785703E-004
   72.999998368322849       0.99999998112296051        1.9430408781817110E-004
   73.999998345971107       0.99999998060223905        1.9696578761710864E-004
   74.999998323619366       0.99999998007443291        1.9962748741465076E-004
   75.999998301267624       0.99999997953954212        2.0228918721077854E-004
   76.999998278915882       0.99999997899756676        2.0495088700547319E-004
   77.999998256564140       0.99999997844850663        2.0761258679871585E-004
   78.999998234212399       0.99999997789236195        2.1027428659048766E-004
   79.999998211860657       0.99999997732913259        2.1293598638076971E-004
   80.999998189508915       0.99999997675881858        2.1559768616954318E-004
   81.999998167157173       0.99999997618141989        2.1825938595678926E-004
   82.999998144805431       0.99999997559693665        2.2092108574248904E-004
   83.999998122453690       0.99999997500536875        2.2358278552662365E-004
   84.999998100101948       0.99999997440671606        2.2624448530917426E-004
   85.999998077750206       0.99999997380097883        2.2890618509012204E-004
   86.999998055398464       0.99999997318815703        2.3156788486944807E-004
   87.999998033046722       0.99999997256825046        2.3422958464713352E-004
   88.999998010694981       0.99999997194125934        2.3689128442315954E-004
   89.999997988343239       0.99999997130718343        2.3955298419750729E-004
   90.999997965991497       0.99999997066602297        2.4221468397015789E-004
   91.999997943639755       0.99999997001777785        2.4487638374109244E-004
   92.999997921288013       0.99999996936244817        2.4753808351029216E-004
   93.999997898936272       0.99999996870003371        2.5019978327773818E-004
   94.999997876584530       0.99999996803053470        2.5286148304341159E-004
   95.999997854232788       0.99999996735395102        2.5552318280729357E-004
   96.999997831881046       0.99999996667028268        2.5818488256936525E-004
   97.999997809529305       0.99999996597952967        2.6084658232960778E-004
   98.999997787177563       0.99999996528169199        2.6350828208800240E-004
   99.999997764825821       0.99999996457676976        2.6616998184453007E-004
   100.99999774247408       0.99999996386476286        2.6883168159917199E-004
   101.99999772012234       0.99999996314567130        2.7149338135190940E-004
   102.99999769777060       0.99999996241949507        2.7415508110272338E-004
   103.99999767541885       0.99999996168623417        2.7681678085159501E-004
   104.99999765306711       0.99999996094588872        2.7947848059850549E-004
   105.99999763071537       0.99999996019845849        2.8214018034343599E-004
   106.99999760836363       0.99999995944394371        2.8480188008636766E-004
   107.99999758601189       0.99999995868234426        2.8746357982728157E-004
   108.99999756366014       0.99999995791366014        2.9012527956615887E-004
   109.99999754130840       0.99999995713789147        2.9278697930298084E-004
   110.99999751895666       0.99999995635503802        2.9544867903772841E-004
   111.99999749660492       0.99999995556510002        2.9811037877038287E-004
   112.99999747425318       0.99999995476807735        3.0077207850092531E-004
   113.99999745190144       0.99999995396397001        3.0343377822933691E-004
   114.99999742954969       0.99999995315277812        3.0609547795559881E-004
   115.99999740719795       0.99999995233450145        3.0875717767969208E-004
   116.99999738484621       0.99999995150914023        3.1141887740159793E-004
   117.99999736249447       0.99999995067669434        3.1408057712129753E-004
   118.99999734014273       0.99999994983716378        3.1674227683877197E-004
   119.99999731779099       0.99999994899054856        3.1940397655400233E-004
   120.99999729543924       0.99999994813684878        3.2206567626696990E-004
   121.99999727308750       0.99999994727606423        3.2472737597765572E-004
   122.99999725073576       0.99999994640819512        3.2738907568604096E-004
   123.99999722838402       0.99999994553324134        3.3005077539210678E-004
   124.99999720603228       0.99999994465120290        3.3271247509583429E-004
   125.99999718368053       0.99999994376207990        3.3537417479720470E-004
   126.99999716132879       0.99999994286587213        3.3803587449619902E-004
   127.99999713897705       0.99999994196257980        3.4069757419279850E-004
   128.99999711662531       0.99999994105220280        3.4335927388698428E-004
   129.99999709427357       0.99999994013474114        3.4602097357873748E-004
   130.99999707192183       0.99999993921019481        3.4868267326803925E-004
   131.99999704957008       0.99999993827856393        3.5134437295487072E-004
   132.99999702721834       0.99999993733984827        3.5400607263921303E-004
   133.99999700486660       0.99999993639404805        3.5666777232104736E-004
   134.99999698251486       0.99999993544116317        3.5932947200035479E-004
   135.99999696016312       0.99999993448119362        3.6199117167711646E-004
   136.99999693781137       0.99999993351413952        3.6465287135131362E-004
   137.99999691545963       0.99999993254000064        3.6731457102292728E-004
   138.99999689310789       0.99999993155877720        3.6997627069193875E-004
   139.99999687075615       0.99999993057046910        3.7263797035832900E-004
   140.99999684840441       0.99999992957507633        3.7529967002207921E-004
   141.99999682605267       0.99999992857259901        3.7796136968317064E-004
   142.99999680370092       0.99999992756303691        3.8062306934158430E-004
   143.99999678134918       0.99999992654639025        3.8328476899730140E-004
   144.99999675899744       0.99999992552265893        3.8594646865030299E-004
   145.99999673664570       0.99999992449184294        3.8860816830057034E-004
   146.99999671429396       0.99999992345394229        3.9126986794808458E-004
   147.99999669194221       0.99999992240895696        3.9393156759282678E-004
   148.99999666959047       0.99999992135688709        3.9659326723477808E-004
   149.99999664723873       0.99999992029773255        3.9925496687391972E-004
   150.99999662488699       0.99999991923149334        4.0191666651023274E-004
   151.99999660253525       0.99999991815816947        4.0457836614369832E-004
   152.99999658018351       0.99999991707776092        4.0724006577429759E-004
   153.99999655783176       0.99999991599026783        4.0990176540201174E-004
   154.99999653548002       0.99999991489569007        4.1256346502682186E-004
   155.99999651312828       0.99999991379402764        4.1522516464870913E-004
   156.99999649077654       0.99999991268528055        4.1788686426765464E-004
   157.99999646842480       0.99999991156944879        4.2054856388363968E-004
   158.99999644607306       0.99999991044653247        4.2321026349664517E-004
   159.99999642372131       0.99999990931653138        4.2587196310665240E-004
   160.99999640136957       0.99999990817944573        4.2853366271364247E-004
   161.99999637901783       0.99999990703527541        4.3119536231759649E-004
   162.99999635666609       0.99999990588402043        4.3385706191849572E-004
   163.99999633431435       0.99999990472568090        4.3651876151632119E-004
   164.99999631196260       0.99999990356025659        4.3918046111105408E-004
   165.99999628961086       0.99999990238774772        4.4184216070267558E-004
   166.99999626725912       0.99999990120815418        4.4450386029116671E-004
   167.99999624490738       0.99999990002147598        4.4716555987650873E-004
   168.99999622255564       0.99999989882771323        4.4982725945868270E-004
   169.99999620020390       0.99999989762686570        4.5248895903766983E-004
   170.99999617785215       0.99999989641893361        4.5515065861345130E-004
   171.99999615550041       0.99999989520391686        4.5781235818600808E-004
   172.99999613314867       0.99999989398181544        4.6047405775532146E-004
   173.99999611079693       0.99999989275262935        4.6313575732137260E-004
   174.99999608844519       0.99999989151635871        4.6579745688414255E-004
   175.99999606609344       0.99999989027300340        4.6845915644361247E-004
   176.99999604374170       0.99999988902256332        4.7112085599976348E-004
   177.99999602138996       0.99999988776503868        4.7378255555257683E-004
   178.99999599903822       0.99999988650042948        4.7644425510203359E-004
   179.99999597668648       0.99999988522873551        4.7910595464811491E-004
   180.99999595433474       0.99999988394995698        4.8176765419080192E-004
   181.99999593198299       0.99999988266409379        4.8442935373007586E-004
   182.99999590963125       0.99999988137114593        4.8709105326591771E-004
   183.99999588727951       0.99999988007111340        4.8975275279830870E-004
   184.99999586492777       0.99999987876399621        4.9241445232722986E-004
   185.99999584257603       0.99999987744979446        4.9507615185266261E-004
   186.99999582022429       0.99999987612850794        4.9773785137458785E-004
   187.99999579787254       0.99999987480013686        5.0039955089298683E-004
   188.99999577552080       0.99999987346468111        5.0306125040784058E-004
   189.99999575316906       0.99999987212214081        5.0572294991913045E-004
   190.99999573081732       0.99999987077251573        5.0838464942683725E-004
   191.99999570846558       0.99999986941580610        5.1104634893094243E-004
   192.99999568611383       0.99999986805201180        5.1370804843142704E-004
   193.99999566376209       0.99999986668113283        5.1636974792827219E-004
   194.99999564141035       0.99999986530316920        5.1903144742145902E-004
   195.99999561905861       0.99999986391812101        5.2169314691096879E-004
   196.99999559670687       0.99999986252598805        5.2435484639678262E-004
   197.99999557435513       0.99999986112677053        5.2701654587888143E-004
   198.99999555200338       0.99999985972046834        5.2967824535724646E-004
   199.99999552965164       0.99999985830708149        5.3233994483185896E-004
   200.99999550729990       0.99999985688661008        5.3500164430270007E-004
   201.99999548494816       0.99999985545905390        5.3766334376975080E-004
   202.99999546259642       0.99999985402441316        5.4032504323299252E-004
   203.99999544024467       0.99999985258268775        5.4298674269240624E-004
   204.99999541789293       0.99999985113387768        5.4564844214797289E-004
   205.99999539554119       0.99999984967798305        5.4831014159967392E-004
   206.99999537318945       0.99999984821500365        5.5097184104749037E-004
   207.99999535083771       0.99999984674493969        5.5363354049140336E-004
   208.99999532848597       0.99999984526779107        5.5629523993139403E-004
   209.99999530613422       0.99999984378355777        5.5895693936744363E-004
   210.99999528378248       0.99999984229223982        5.6161863879953318E-004
   211.99999526143074       0.99999984079383730        5.6428033822764382E-004
   212.99999523907900       0.99999983928835001        5.6694203765175679E-004
   213.99999521672726       0.99999983777577817        5.6960373707185322E-004
   214.99999519437551       0.99999983625612165        5.7226543648791403E-004
   215.99999517202377       0.99999983472938059        5.7492713589992069E-004
   216.99999514967203       0.99999983319555474        5.7758883530785411E-004
   217.99999512732029       0.99999983165464434        5.8025053471169553E-004
   218.99999510496855       0.99999983010664928        5.8291223411142620E-004
   219.99999508261681       0.99999982855156955        5.8557393350702714E-004
   220.99999506026506       0.99999982698940515        5.8823563289847939E-004
   221.99999503791332       0.99999982542015609        5.9089733228576418E-004
   222.99999501556158       0.99999982384382247        5.9355903166886275E-004
   223.99999499320984       0.99999982226040418        5.9622073104775603E-004
   224.99999497085810       0.99999982066990123        5.9888243042242537E-004
   225.99999494850636       0.99999981907231361        6.0154412979285189E-004
   226.99999492615461       0.99999981746764133        6.0420582915901664E-004
   227.99999490380287       0.99999981585588449        6.0686752852090085E-004
   228.99999488145113       0.99999981423704287        6.0952922787848565E-004
   229.99999485909939       0.99999981261111670        6.1219092723175208E-004
   230.99999483674765       0.99999981097810597        6.1485262658068137E-004
   231.99999481439590       0.99999980933801047        6.1751432592525466E-004
   232.99999479204416       0.99999980769083030        6.2017602526545298E-004
   233.99999476969242       0.99999980603656557        6.2283772460125768E-004
   234.99999474734068       0.99999980437521618        6.2549942393264979E-004
   235.99999472498894       0.99999980270678213        6.2816112325961044E-004
   236.99999470263720       0.99999980103126351        6.3082282258212087E-004
   237.99999468028545       0.99999979934866012        6.3348452190016200E-004
   238.99999465793371       0.99999979765897218        6.3614622121371518E-004
   239.99999463558197       0.99999979596219957        6.3880792052276145E-004
   240.99999461323023       0.99999979425834229        6.4146961982728204E-004
   241.99999459087849       0.99999979254740035        6.4413131912725797E-004
   242.99999456852674       0.99999979082937374        6.4679301842267051E-004
   243.99999454617500       0.99999978910426257        6.4945471771350077E-004
   244.99999452382326       0.99999978737206674        6.5211641699973000E-004
   245.99999450147152       0.99999978563278624        6.5477811628133901E-004
   246.99999447911978       0.99999978388642108        6.5743981555830926E-004
   247.99999445676804       0.99999978213297136        6.6010151483062167E-004
   248.99999443441629       0.99999978037243686        6.6276321409825759E-004
   249.99999441206455       0.99999977860481781        6.6542491336119805E-004
   250.99999438971281       0.99999977683011410        6.6808661261942418E-004
   251.99999436736107       0.99999977504832571        6.7074831187291723E-004
   252.99999434500933       0.99999977325945277        6.7341001112165822E-004
   253.99999432265759       0.99999977146349506        6.7607171036562828E-004
   254.99999430030584       0.99999976966045279        6.7873340960480867E-004
   255.99999427795410       0.99999976785032585        6.8139510883918051E-004
   256.99999425560236       0.99999976603311425        6.8405680806872483E-004
   257.99999423325062       0.99999976420881809        6.8671850729342288E-004
   258.99999421089888       0.99999976237743715        6.8938020651325568E-004
   259.99999418854713       0.99999976053897166        6.9204190572820458E-004
   260.99999416619539       0.99999975869342150        6.9470360493825072E-004
   261.99999414384365       0.99999975684078668        6.9736530414337501E-004
   262.99999412149191       0.99999975498106730        7.0002700334355860E-004
   263.99999409914017       0.99999975311426315        7.0268870253878282E-004
   264.99999407678843       0.99999975124037443        7.0535040172902883E-004
   265.99999405443668       0.99999974935940106        7.0801210091427764E-004
   266.99999403208494       0.99999974747134301        7.1067380009451038E-004
   267.99999400973320       0.99999974557620042        7.1333549926970831E-004
   268.99999398738146       0.99999974367397304        7.1599719843985245E-004
   269.99999396502972       0.99999974176466111        7.1865889760492404E-004
   270.99999394267797       0.99999973984826451        7.2132059676490422E-004
   271.99999392032623       0.99999973792478325        7.2398229591977400E-004
   272.99999389797449       0.99999973599421732        7.2664399506951465E-004
   273.99999387562275       0.99999973405656684        7.2930569421410739E-004
   274.99999385327101       0.99999973211183169        7.3196739335353316E-004
   275.99999383091927       0.99999973016001187        7.3462909248777318E-004
   276.99999380856752       0.99999972820110739        7.3729079161680871E-004
   277.99999378621578       0.99999972623511824        7.3995249074062077E-004
   278.99999376386404       0.99999972426204453        7.4261418985919049E-004
   279.99999374151230       0.99999972228188605        7.4527588897249902E-004
   280.99999371916056       0.99999972029464301        7.4793758808052759E-004
   281.99999369680882       0.99999971830031531        7.5059928718325722E-004
   282.99999367445707       0.99999971629890305        7.5326098628066918E-004
   283.99999365210533       0.99999971429040602        7.5592268537274469E-004
   284.99999362975359       0.99999971227482443        7.5858438445946456E-004
   285.99999360740185       0.99999971025215817        7.6124608354081016E-004
   286.99999358505011       0.99999970822240725        7.6390778261676260E-004
   287.99999356269836       0.99999970618557166        7.6656948168730304E-004
   288.99999354034662       0.99999970414165151        7.6923118075241260E-004
   289.99999351799488       0.99999970209064670        7.7189287981207241E-004
   290.99999349564314       0.99999970003255723        7.7455457886626362E-004
   291.99999347329140       0.99999969796738308        7.7721627791496747E-004
   292.99999345093966       0.99999969589512427        7.7987797695816508E-004
   293.99999342858791       0.99999969381578091        7.8253967599583739E-004
   294.99999340623617       0.99999969172935277        7.8520137502796573E-004
   295.99999338388443       0.99999968963584007        7.8786307405453115E-004
   296.99999336153269       0.99999968753524271        7.9052477307551487E-004
   297.99999333918095       0.99999968542756079        7.9318647209089804E-004
   298.99999331682920       0.99999968331279410        7.9584817110066168E-004
   299.99999329447746       0.99999968119094285        7.9850987010478714E-004
   300.99999327212572       0.99999967906200693        8.0117156910325534E-004
   301.99999324977398       0.99999967692598635        8.0383326809604753E-004
   302.99999322742224       0.99999967478288110        8.0649496708314484E-004
   303.99999320507050       0.99999967263269129        8.0915666606452851E-004
   304.99999318271875       0.99999967047541682        8.1181836504017947E-004
   305.99999316036701       0.99999966831105769        8.1448006401007905E-004
   306.99999313801527       0.99999966613961389        8.1714176297420830E-004
   307.99999311566353       0.99999966396108542        8.1980346193254834E-004
   308.99999309331179       0.99999966177547239        8.2246516088508052E-004
   309.99999307096004       0.99999965958277470        8.2512685983178577E-004
   310.99999304860830       0.99999965738299224        8.2778855877264522E-004
   311.99999302625656       0.99999965517612532        8.3045025770764011E-004
   312.99999300390482       0.99999965296217364        8.3311195663675157E-004
   313.99999298155308       0.99999965074113739        8.3577365555996064E-004
   314.99999295920134       0.99999964851301637        8.3843535447724867E-004
   315.99999293684959       0.99999964627781079        8.4109705338859667E-004
   316.99999291449785       0.99999964403552066        8.4375875229398579E-004
   317.99999289214611       0.99999964178614575        8.4642045119339717E-004
   318.99999286979437       0.99999963952968618        8.4908215008681193E-004
   319.99999284744263       0.99999963726614205        8.5174384897421121E-004
   320.99999282509089       0.99999963499551325        8.5440554785557626E-004
   321.99999280273914       0.99999963271779979        8.5706724673088809E-004
   322.99999278038740       0.99999963043300177        8.5972894560012786E-004
   323.99999275803566       0.99999962814111898        8.6239064446327679E-004
   324.99999273568392       0.99999962584215163        8.6505234332031613E-004
   325.99999271333218       0.99999962353609961        8.6771404217122680E-004
   326.99999269098043       0.99999962122296304        8.7037574101598994E-004
   327.99999266862869       0.99999961890274169        8.7303743985458679E-004
   328.99999264627695       0.99999961657543579        8.7569913868699859E-004
   329.99999262392521       0.99999961424104511        8.7836083751320626E-004
   330.99999260157347       0.99999961189956987        8.8102253633319104E-004
   331.99999257922173       0.99999960955101008        8.8368423514693429E-004
   332.99999255686998       0.99999960719536551        8.8634593395441681E-004
   333.99999253451824       0.99999960483263639        8.8900763275561985E-004
   334.99999251216650       0.99999960246282260        8.9166933155052455E-004
   335.99999248981476       0.99999960008592415        8.9433103033911214E-004
   336.99999246746302       0.99999959770194102        8.9699272912136376E-004
   337.99999244511127       0.99999959531087335        8.9965442789726043E-004
   338.99999242275953       0.99999959291272089        9.0231612666678341E-004
   339.99999240040779       0.99999959050748388        9.0497782542991372E-004
   340.99999237805605       0.99999958809516221        9.0763952418663281E-004
   341.99999235570431       0.99999958567575598        9.1030122293692139E-004
   342.99999233335257       0.99999958324926497        9.1296292168076081E-004
   343.99999231100082       0.99999958081568940        9.1562462041813232E-004
   344.99999228864908       0.99999957837502917        9.1828631914901682E-004
   345.99999226629734       0.99999957592728428        9.2094801787339568E-004
   346.99999224394560       0.99999957347245472        9.2360971659124992E-004
   347.99999222159386       0.99999957101054060        9.2627141530256078E-004
   348.99999219924212       0.99999956854154182        9.2893311400730929E-004
   349.99999217689037       0.99999956606545837        9.3159481270547659E-004
   350.99999215453863       0.99999956358229025        9.3425651139704391E-004
   351.99999213218689       0.99999956109203747        9.3691821008199229E-004
   352.99999210983515       0.99999955859470013        9.3957990876030297E-004
   353.99999208748341       0.99999955609027813        9.4224160743195708E-004
   354.99999206513166       0.99999955357877146        9.4490330609693575E-004
   355.99999204277992       0.99999955106018013        9.4756500475522013E-004
   356.99999202042818       0.99999954853450412        9.5022670340679134E-004
   357.99999199807644       0.99999954600174357        9.5288840205163053E-004
   358.99999197572470       0.99999954346189834        9.5555010068971882E-004
   359.99999195337296       0.99999954091496845        9.5821179932103736E-004
   360.99999193102121       0.99999953836095390        9.6087349794556738E-004
   361.99999190866947       0.99999953579985479        9.6353519656328980E-004
   362.99999188631773       0.99999953323167090        9.6619689517418608E-004
   363.99999186396599       0.99999953065640246        9.6885859377823715E-004
   364.99999184161425       0.99999952807404935        9.7152029237542424E-004
   365.99999181926250       0.99999952548461168        9.7418199096572838E-004
   366.99999179691076       0.99999952288808924        9.7684368954913071E-004
   367.99999177455902       0.99999952028448225        9.7950538812561268E-004
   368.99999175220728       0.99999951767379058        9.8216708669515490E-004
   369.99999172985554       0.99999951505601425        9.8482878525773892E-004
   370.99999170750380       0.99999951243115337        9.8749048381334588E-004
   371.99999168515205       0.99999950979920771        9.9015218236195670E-004
   372.99999166280031       0.99999950716017749        9.9281388090355274E-004
   373.99999164044857       0.99999950451406261        9.9547557943811512E-004
   374.99999161809683       0.99999950186086306        9.9813727796562476E-004
   375.99999159574509       0.99999949920057896        1.0007989764860632E-003
   376.99999157339334       0.99999949653321007        1.0034606749994110E-003
   377.99999155104160       0.99999949385875664        1.0061223735056497E-003
   378.99999152868986       0.99999949117721854        1.0087840720047606E-003
   379.99999150633812       0.99999948848859588        1.0114457704967245E-003
   380.99999148398638       0.99999948579288844        1.0141074689815224E-003
   381.99999146163464       0.99999948309009645        1.0167691674591360E-003
   382.99999143928289       0.99999948038021980        1.0194308659295462E-003
   383.99999141693115       0.99999947766325847        1.0220925643927340E-003
   384.99999139457941       0.99999947493921260        1.0247542628486804E-003
   385.99999137222767       0.99999947220808194        1.0274159612973671E-003
   386.99999134987593       0.99999946946986673        1.0300776597387748E-003
   387.99999132752419       0.99999946672456685        1.0327393581728848E-003
   388.99999130517244       0.99999946397218231        1.0354010565996781E-003
   389.99999128282070       0.99999946121271321        1.0380627550191362E-003
   390.99999126046896       0.99999945844615934        1.0407244534312396E-003
   391.99999123811722       0.99999945567252091        1.0433861518359701E-003
   392.99999121576548       0.99999945289179781        1.0460478502333087E-003
   393.99999119341373       0.99999945010399016        1.0487095486232363E-003
   394.99999117106199       0.99999944730909773        1.0513712470057342E-003
   395.99999114871025       0.99999944450712075        1.0540329453807833E-003
   396.99999112635851       0.99999944169805910        1.0566946437483651E-003
   397.99999110400677       0.99999943888191278        1.0593563421084607E-003
   398.99999108165503       0.99999943605868180        1.0620180404610510E-003
   399.99999105930328       0.99999943322836626        1.0646797388061172E-003
   400.99999103695154       0.99999943039096606        1.0673414371436406E-003
   401.99999101459980       0.99999942754648119        1.0700031354736023E-003
   402.99999099224806       0.99999942469491165        1.0726648337959833E-003
   403.99999096989632       0.99999942183625756        1.0753265321107649E-003
   404.99999094754457       0.99999941897051869        1.0779882304179282E-003
   405.99999092519283       0.99999941609769527        1.0806499287174544E-003
   406.99999090284109       0.99999941321778729        1.0833116270093244E-003
   407.99999088048935       0.99999941033079454        1.0859733252935200E-003
   408.99999085813761       0.99999940743671711        1.0886350235700215E-003
   409.99999083578587       0.99999940453555514        1.0912967218388104E-003
   410.99999081343412       0.99999940162730849        1.0939584200998680E-003
   411.99999079108238       0.99999939871197718        1.0966201183531751E-003
   412.99999076873064       0.99999939578956132        1.0992818165987130E-003
   413.99999074637890       0.99999939286006079        1.1019435148364629E-003
   414.99999072402716       0.99999938992347559        1.1046052130664061E-003
   415.99999070167542       0.99999938697980573        1.1072669112885234E-003
   416.99999067932367       0.99999938402905120        1.1099286095027962E-003
   417.99999065697193       0.99999938107121211        1.1125903077092054E-003
   418.99999063462019       0.99999937810628825        1.1152520059077326E-003
   419.99999061226845       0.99999937513427983        1.1179137040983583E-003
   420.99999058991671       0.99999937215518686        1.1205754022810641E-003
   421.99999056756496       0.99999936916900911        1.1232371004558312E-003
   422.99999054521322       0.99999936617574681        1.1258987986226402E-003
   423.99999052286148       0.99999936317539972        1.1285604967814730E-003
   424.99999050050974       0.99999936016796820        1.1312221949323102E-003
   425.99999047815800       0.99999935715345190        1.1338838930751330E-003
   426.99999045580626       0.99999935413185093        1.1365455912099227E-003
   427.99999043345451       0.99999935110316540        1.1392072893366605E-003
   428.99999041110277       0.99999934806739521        1.1418689874553272E-003
   429.99999038875103       0.99999934502454035        1.1445306855659041E-003
   430.99999036639929       0.99999934197460094        1.1471923836683727E-003
   431.99999034404755       0.99999933891757686        1.1498540817627136E-003
   432.99999032169580       0.99999933585346801        1.1525157798489083E-003
   433.99999029934406       0.99999933278227471        1.1551774779269377E-003
   434.99999027699232       0.99999932970399663        1.1578391759967833E-003
   435.99999025464058       0.99999932661863389        1.1605008740584258E-003
   436.99999023228884       0.99999932352618659        1.1631625721118467E-003
   437.99999020993710       0.99999932042665463        1.1658242701570269E-003
   438.99999018758535       0.99999931732003799        1.1684859681939479E-003
   439.99999016523361       0.99999931420633681        1.1711476662225905E-003
   440.99999014288187       0.99999931108555096        1.1738093642429358E-003
   441.99999012053013       0.99999930795768033        1.1764710622549652E-003
   442.99999009817839       0.99999930482272525        1.1791327602586597E-003
   443.99999007582664       0.99999930168068540        1.1817944582540004E-003
   444.99999005347490       0.99999929853156089        1.1844561562409685E-003
   445.99999003112316       0.99999929537535182        1.1871178542195450E-003
   446.99999000877142       0.99999929221205808        1.1897795521897115E-003
   447.99998998641968       0.99999928904167978        1.1924412501514486E-003
   448.99998996406794       0.99999928586421671        1.1951029481047377E-003
   449.99998994171619       0.99999928267966909        1.1977646460495600E-003
   450.99998991936445       0.99999927948803680        1.2004263439858965E-003
   451.99998989701271       0.99999927628931984        1.2030880419137285E-003
   452.99998987466097       0.99999927308351821        1.2057497398330369E-003
   453.99998985230923       0.99999926987063203        1.2084114377438032E-003
   454.99998982995749       0.99999926665066119        1.2110731356460081E-003
   455.99998980760574       0.99999926342360568        1.2137348335396331E-003
   456.99998978525400       0.99999926018946550        1.2163965314246593E-003
   457.99998976290226       0.99999925694824077        1.2190582293010678E-003
   458.99998974055052       0.99999925369993126        1.2217199271688396E-003
   459.99998971819878       0.99999925044453719        1.2243816250279557E-003
   460.99998969584703       0.99999924718205857        1.2270433228783978E-003
   461.99998967349529       0.99999924391249517        1.2297050207201465E-003
   462.99998965114355       0.99999924063584722        1.2323667185531835E-003
   463.99998962879181       0.99999923735211460        1.2350284163774893E-003
   464.99998960644007       0.99999923406129732        1.2376901141930455E-003
   465.99998958408833       0.99999923076339536        1.2403518119998330E-003
   466.99998956173658       0.99999922745840886        1.2430135097978331E-003
   467.99998953938484       0.99999922414633757        1.2456752075870271E-003
   468.99998951703310       0.99999922082718185        1.2483369053673957E-003
   469.99998949468136       0.99999921750094134        1.2509986031389202E-003
   470.99998947232962       0.99999921416761617        1.2536603009015821E-003
   471.99998944997787       0.99999921082720644        1.2563219986553623E-003
   472.99998942762613       0.99999920747971205        1.2589836964002417E-003
   473.99998940527439       0.99999920412513299        1.2616453941362016E-003
   474.99998938292265       0.99999920076346938        1.2643070918632233E-003
   475.99998936057091       0.99999919739472098        1.2669687895812878E-003
   476.99998933821917       0.99999919401888804        1.2696304872903761E-003
   477.99998931586742       0.99999919063597043        1.2722921849904697E-003
   478.99998929351568       0.99999918724596826        1.2749538826815497E-003
   479.99998927116394       0.99999918384888131        1.2776155803635968E-003
   480.99998924881220       0.99999918044470981        1.2802772780365927E-003
   481.99998922646046       0.99999917703345365        1.2829389757005182E-003
   482.99998920410872       0.99999917361511292        1.2856006733553544E-003
   483.99998918175697       0.99999917018968743        1.2882623710010826E-003
   484.99998915940523       0.99999916675717737        1.2909240686376840E-003
   485.99998913705349       0.99999916331758265        1.2935857662651398E-003
   486.99998911470175       0.99999915987090326        1.2962474638834307E-003
   487.99998909235001       0.99999915641713932        1.2989091614925383E-003
   488.99998906999826       0.99999915295629060        1.3015708590924438E-003
   489.99998904764652       0.99999914948835733        1.3042325566831280E-003
   490.99998902529478       0.99999914601333939        1.3068942542645721E-003
   491.99998900294304       0.99999914253123690        1.3095559518367572E-003
   492.99998898059130       0.99999913904204962        1.3122176493996648E-003
   493.99998895823956       0.99999913554577780        1.3148793469532755E-003
   494.99998893588781       0.99999913204242130        1.3175410444975710E-003
   495.99998891353607       0.99999912853198025        1.3202027420325321E-003
   496.99998889118433       0.99999912501445443        1.3228644395581401E-003
   497.99998886883259       0.99999912148984405        1.3255261370743760E-003
   498.99998884648085       0.99999911795814900        1.3281878345812210E-003
   499.99998882412910       0.99999911441936939        1.3308495320786561E-003
   500.99998880177736       0.99999911087350501        1.3335112295666629E-003
   501.99998877942562       0.99999910732055608        1.3361729270452221E-003
   502.99998875707388       0.99999910376052248        1.3388346245143149E-003
   503.99998873472214       0.99999910019340421        1.3414963219739230E-003
   504.99998871237040       0.99999909661920139        1.3441580194240267E-003
   505.99998869001865       0.99999909303791379        1.3468197168646076E-003
   506.99998866766691       0.99999908944954163        1.3494814142956466E-003
   507.99998864531517       0.99999908585408492        1.3521431117171252E-003
   508.99998862296343       0.99999908225154344        1.3548048091290242E-003
   509.99998860061169       0.99999907864191739        1.3574665065313250E-003
   510.99998857825994       0.99999907502520669        1.3601282039240085E-003
   511.99998855590820       0.99999907140141131        1.3627899013070560E-003
   512.99998853355646       0.99999906777053127        1.3654515986804487E-003
   513.99998851120472       0.99999906413256667        1.3681132960441675E-003
   514.99998848885298       0.99999906048751741        1.3707749933981940E-003
   515.99998846650124       0.99999905683538348        1.3734366907425088E-003
   516.99998844414949       0.99999905317616489        1.3760983880770933E-003
   517.99998842179775       0.99999904950986174        1.3787600854019287E-003
   518.99998839944601       0.99999904583647392        1.3814217827169959E-003
   519.99998837709427       0.99999904215600144        1.3840834800222764E-003
   520.99998835474253       0.99999903846844429        1.3867451773177514E-003
   521.99998833239079       0.99999903477380259        1.3894068746034016E-003
   522.99998831003904       0.99999903107207622        1.3920685718792080E-003
   523.99998828768730       0.99999902736326518        1.3947302691451524E-003
   524.99998826533556       0.99999902364736948        1.3973919664012156E-003
   525.99998824298382       0.99999901992438922        1.4000536636473789E-003
   526.99998822063208       0.99999901619432419        1.4027153608836230E-003
   527.99998819828033       0.99999901245717460        1.4053770581099296E-003
   528.99998817592859       0.99999900871294045        1.4080387553262795E-003
   529.99998815357685       0.99999900496162153        1.4107004525326539E-003
   530.99998813122511       0.99999900120321805        1.4133621497290341E-003
   531.99998810887337       0.99999899743772991        1.4160238469154011E-003
   532.99998808652163       0.99999899366515710        1.4186855440917361E-003
   533.99998806416988       0.99999898988549973        1.4213472412580202E-003
   534.99998804181814       0.99999898609875770        1.4240089384142344E-003
   535.99998801946640       0.99999898230493101        1.4266706355603605E-003
   536.99998799711466       0.99999897850401964        1.4293323326963786E-003
   537.99998797476292       0.99999897469602361        1.4319940298222708E-003
   538.99998795241117       0.99999897088094303        1.4346557269380176E-003
   539.99998793005943       0.99999896705877778        1.4373174240436002E-003
   540.99998790770769       0.99999896322952786        1.4399791211390002E-003
   541.99998788535595       0.99999895939319339        1.4426408182241983E-003
   542.99998786300421       0.99999895554977425        1.4453025152991758E-003
   543.99998784065247       0.99999895169927044        1.4479642123639137E-003
   544.99998781830072       0.99999894784168197        1.4506259094183935E-003
   545.99998779594898       0.99999894397700884        1.4532876064625962E-003
   546.99998777359724       0.99999894010525114        1.4559493034965027E-003
   547.99998775124550       0.99999893622640879        1.4586110005200944E-003
   548.99998772889376       0.99999893234048176        1.4612726975333523E-003
   549.99998770654202       0.99999892844747018        1.4639343945362577E-003
   550.99998768419027       0.99999892454737382        1.4665960915287916E-003
   551.99998766183853       0.99999892064019291        1.4692577885109352E-003
   552.99998763948679       0.99999891672592733        1.4719194854826698E-003
   553.99998761713505       0.99999891280457720        1.4745811824439761E-003
   554.99998759478331       0.99999890887614240        1.4772428793948355E-003
   555.99998757243156       0.99999890494062293        1.4799045763352293E-003
   556.99998755007982       0.99999890099801880        1.4825662732651384E-003
   557.99998752772808       0.99999889704833000        1.4852279701845440E-003
   558.99998750537634       0.99999889309155665        1.4878896670934274E-003
   559.99998748302460       0.99999888912769863        1.4905513639917696E-003
   560.99998746067286       0.99999888515675595        1.4932130608795518E-003
   561.99998743832111       0.99999888117872870        1.4958747577567550E-003
   562.99998741596937       0.99999887719361669        1.4985364546233606E-003
   563.99998739361763       0.99999887320142011        1.5011981514793495E-003
   564.99998737126589       0.99999886920213898        1.5038598483247030E-003
   565.99998734891415       0.99999886519577308        1.5065215451594022E-003
   566.99998732656240       0.99999886118232262        1.5091832419834282E-003
   567.99998730421066       0.99999885716178749        1.5118449387967624E-003
   568.99998728185892       0.99999885313416770        1.5145066355993855E-003
   569.99998725950718       0.99999884909946335        1.5171683323912787E-003
   570.99998723715544       0.99999884505767422        1.5198300291724234E-003
   571.99998721480370       0.99999884100880054        1.5224917259428008E-003
   572.99998719245195       0.99999883695284231        1.5251534227023918E-003
   573.99998717010021       0.99999883288979929        1.5278151194511775E-003
   574.99998714774847       0.99999882881967173        1.5304768161891393E-003
   575.99998712539673       0.99999882474245949        1.5331385129162582E-003
   576.99998710304499       0.99999882065816259        1.5358002096325153E-003
   577.99998708069324       0.99999881656678113        1.5384619063378918E-003
   578.99998705834150       0.99999881246831501        1.5411236030323688E-003
   579.99998703598976       0.99999880836276422        1.5437852997159276E-003
   580.99998701363802       0.99999880425012877        1.5464469963885491E-003
   581.99998699128628       0.99999880013040876        1.5491086930502147E-003
   582.99998696893454       0.99999879600360397        1.5517703897009053E-003
   583.99998694658279       0.99999879186971474        1.5544320863406023E-003
   584.99998692423105       0.99999878772874073        1.5570937829692867E-003
   585.99998690187931       0.99999878358068206        1.5597554795869397E-003
   586.99998687952757       0.99999877942553883        1.5624171761935422E-003
   587.99998685717583       0.99999877526331094        1.5650788727890755E-003
   588.99998683482409       0.99999877109399848        1.5677405693735210E-003
   589.99998681247234       0.99999876691760126        1.5704022659468594E-003
   590.99998679012060       0.99999876273411947        1.5730639625090720E-003
   591.99998676776886       0.99999875854355313        1.5757256590601401E-003
   592.99998674541712       0.99999875434590202        1.5783873556000447E-003
   593.99998672306538       0.99999875014116635        1.5810490521287672E-003
   594.99998670071363       0.99999874592934601        1.5837107486462883E-003
   595.99998667836189       0.99999874171044101        1.5863724451525894E-003
   596.99998665601015       0.99999873748445134        1.5890341416476515E-003
   597.99998663365841       0.99999873325137711        1.5916958381314561E-003
   598.99998661130667       0.99999872901121822        1.5943575346039839E-003
   599.99998658895493       0.99999872476397467        1.5970192310652167E-003
   600.99998656660318       0.99999872050964655        1.5996809275151348E-003
   601.99998654425144       0.99999871624823378        1.6023426239537197E-003
   602.99998652189970       0.99999871197973633        1.6050043203809526E-003
   603.99998649954796       0.99999870770415422        1.6076660167968146E-003
   604.99998647719622       0.99999870342148744        1.6103277132012870E-003
   605.99998645484447       0.99999869913173611        1.6129894095943506E-003
   606.99998643249273       0.99999869483490011        1.6156511059759869E-003
   607.99998641014099       0.99999869053097956        1.6183128023461767E-003
   608.99998638778925       0.99999868621997423        1.6209744987049014E-003
   609.99998636543751       0.99999868190188435        1.6236361950521421E-003
   610.99998634308577       0.99999867757670979        1.6262978913878800E-003
   611.99998632073402       0.99999867324445069        1.6289595877120961E-003
   612.99998629838228       0.99999866890510680        1.6316212840247716E-003
   613.99998627603054       0.99999866455867836        1.6342829803258874E-003
   614.99998625367880       0.99999866020516537        1.6369446766154251E-003
   615.99998623132706       0.99999865584456760        1.6396063728933658E-003
   616.99998620897532       0.99999865147688527        1.6422680691596905E-003
   617.99998618662357       0.99999864710211828        1.6449297654143802E-003
   618.99998616427183       0.99999864272026662        1.6475914616574160E-003
   619.99998614192009       0.99999863833133040        1.6502531578887791E-003
   620.99998611956835       0.99999863393530952        1.6529148541084510E-003
   621.99998609721661       0.99999862953220398        1.6555765503164124E-003
   622.99998607486486       0.99999862512201376        1.6582382465126447E-003
   623.99998605251312       0.99999862070473899        1.6608999426971289E-003
   624.99998603016138       0.99999861628037945        1.6635616388698464E-003
   625.99998600780964       0.99999861184893546        1.6662233350307780E-003
   626.99998598545790       0.99999860741040669        1.6688850311799050E-003
   627.99998596310616       0.99999860296479337        1.6715467273172085E-003
   628.99998594075441       0.99999859851209538        1.6742084234426698E-003
   629.99998591840267       0.99999859405231273        1.6768701195562698E-003
   630.99998589605093       0.99999858958544541        1.6795318156579899E-003
   631.99998587369919       0.99999858511149353        1.6821935117478115E-003
   632.99998585134745       0.99999858063045699        1.6848552078257148E-003
   633.99998582899570       0.99999857614233589        1.6875169038916816E-003
   634.99998580664396       0.99999857164713002        1.6901785999456930E-003
   635.99998578429222       0.99999856714483959        1.6928402959877299E-003
   636.99998576194048       0.99999856263546449        1.6955019920177738E-003
   637.99998573958874       0.99999855811900484        1.6981636880358056E-003
   638.99998571723700       0.99999855359546042        1.7008253840418066E-003
   639.99998569488525       0.99999854906483143        1.7034870800357578E-003
   640.99998567253351       0.99999854452711789        1.7061487760176403E-003
   641.99998565018177       0.99999853998231958        1.7088104719874355E-003
   642.99998562783003       0.99999853543043671        1.7114721679451243E-003
   643.99998560547829       0.99999853087146917        1.7141338638906880E-003
   644.99998558312654       0.99999852630541697        1.7167955598241076E-003
   645.99998556077480       0.99999852173228021        1.7194572557453643E-003
   646.99998553842306       0.99999851715205879        1.7221189516544392E-003
   647.99998551607132       0.99999851256475270        1.7247806475513135E-003
   648.99998549371958       0.99999850797036194        1.7274423434359687E-003
   649.99998547136784       0.99999850336888663        1.7301040393083854E-003
   650.99998544901609       0.99999849876032665        1.7327657351685448E-003
   651.99998542666435       0.99999849414468200        1.7354274310164282E-003
   652.99998540431261       0.99999848952195280        1.7380891268520167E-003
   653.99998538196087       0.99999848489213894        1.7407508226752915E-003
   654.99998535960913       0.99999848025524041        1.7434125184862335E-003
   655.99998533725739       0.99999847561125721        1.7460742142848243E-003
   656.99998531490564       0.99999847096018946        1.7487359100710445E-003
   657.99998529255390       0.99999846630203704        1.7513976058448758E-003
   658.99998527020216       0.99999846163679995        1.7540593016062988E-003
   659.99998524785042       0.99999845696447820        1.7567209973552952E-003
   660.99998522549868       0.99999845228507189        1.7593826930918457E-003
   661.99998520314693       0.99999844759858092        1.7620443888159316E-003
   662.99998518079519       0.99999844290500539        1.7647060845275341E-003
   663.99998515844345       0.99999843820434509        1.7673677802266345E-003
   664.99998513609171       0.99999843349660023        1.7700294759132134E-003
   665.99998511373997       0.99999842878177070        1.7726911715872523E-003
   666.99998509138823       0.99999842405985662        1.7753528672487325E-003
   667.99998506903648       0.99999841933085776        1.7780145628976346E-003
   668.99998504668474       0.99999841459477434        1.7806762585339405E-003
   669.99998502433300       0.99999840985160637        1.7833379541576306E-003
   670.99998500198126       0.99999840510135363        1.7859996497686865E-003
   671.99998497962952       0.99999840034401632        1.7886613453670893E-003
   672.99998495727777       0.99999839557959436        1.7913230409528200E-003
   673.99998493492603       0.99999839080808783        1.7939847365258598E-003
   674.99998491257429       0.99999838602949653        1.7966464320861898E-003
   675.99998489022255       0.99999838124382068        1.7993081276337912E-003
   676.99998486787081       0.99999837645106027        1.8019698231686453E-003
   677.99998484551907       0.99999837165121508        1.8046315186907331E-003
   678.99998482316732       0.99999836684428534        1.8072932142000355E-003
   679.99998480081558       0.99999836203027093        1.8099549096965339E-003
   680.99998477846384       0.99999835720917196        1.8126166051802097E-003
   681.99998475611210       0.99999835238098822        1.8152783006510436E-003
   682.99998473376036       0.99999834754571992        1.8179399961090169E-003
   683.99998471140862       0.99999834270336707        1.8206016915541107E-003
   684.99998468905687       0.99999833785392944        1.8232633869863062E-003
   685.99998466670513       0.99999833299740726        1.8259250824055845E-003
   686.99998464435339       0.99999832813380041        1.8285867778119267E-003
   687.99998462200165       0.99999832326310900        1.8312484732053141E-003
   688.99998459964991       0.99999831838533282        1.8339101685857276E-003
   689.99998457729816       0.99999831350047208        1.8365718639531486E-003
   690.99998455494642       0.99999830860852679        1.8392335593075582E-003
   691.99998453259468       0.99999830370949672        1.8418952546489374E-003
   692.99998451024294       0.99999829880338209        1.8445569499772674E-003
   693.99998448789120       0.99999829389018280        1.8472186452925293E-003
   694.99998446553946       0.99999828896989895        1.8498803405947045E-003
   695.99998444318771       0.99999828404253044        1.8525420358837742E-003
   696.99998442083597       0.99999827910807726        1.8552037311597189E-003
   697.99998439848423       0.99999827416653941        1.8578654264225203E-003
   698.99998437613249       0.99999826921791701        1.8605271216721592E-003
   699.99998435378075       0.99999826426220983        1.8631888169086171E-003
   700.99998433142900       0.99999825929941821        1.8658505121318747E-003
   701.99998430907726       0.99999825432954181        1.8685122073419137E-003
   702.99998428672552       0.99999824935258086        1.8711739025387148E-003
   703.99998426437378       0.99999824436853524        1.8738355977222594E-003
   704.99998424202204       0.99999823937740495        1.8764972928925286E-003
   705.99998421967030       0.99999823437919011        1.8791589880495032E-003
   706.99998419731855       0.99999822937389060        1.8818206831931648E-003
   707.99998417496681       0.99999822436150643        1.8844823783234943E-003
   708.99998415261507       0.99999821934203770        1.8871440734404730E-003
   709.99998413026333       0.99999821431548430        1.8898057685440819E-003
   710.99998410791159       0.99999820928184624        1.8924674636343023E-003
   711.99998408555984       0.99999820424112351        1.8951291587111150E-003
   712.99998406320810       0.99999819919331623        1.8977908537745017E-003
   713.99998404085636       0.99999819413842428        1.9004525488244431E-003
   714.99998401850462       0.99999818907644766        1.9031142438609204E-003
   715.99998399615288       0.99999818400738649        1.9057759388839148E-003
   716.99998397380114       0.99999817893124066        1.9084376338934076E-003
   717.99998395144939       0.99999817384801015        1.9110993288893796E-003
   718.99998392909765       0.99999816875769498        1.9137610238718122E-003
   719.99998390674591       0.99999816366029526        1.9164227188406865E-003
   720.99998388439417       0.99999815855581087        1.9190844137959835E-003
   721.99998386204243       0.99999815344424192        1.9217461087376847E-003
   722.99998383969069       0.99999814832558820        1.9244078036657708E-003
   723.99998381733894       0.99999814319984992        1.9270694985802233E-003
   724.99998379498720       0.99999813806702709        1.9297311934810232E-003
   725.99998377263546       0.99999813292711948        1.9323928883681514E-003
   726.99998375028372       0.99999812778012731        1.9350545832415896E-003
   727.99998372793198       0.99999812262605048        1.9377162781013186E-003
   728.99998370558023       0.99999811746488909        1.9403779729473196E-003
   729.99998368322849       0.99999811229664304        1.9430396677795733E-003
   730.99998366087675       0.99999810712131232        1.9457013625980616E-003
   731.99998363852501       0.99999810193889693        1.9483630574027651E-003
   732.99998361617327       0.99999809674939699        1.9510247521936654E-003
   733.99998359382153       0.99999809155281238        1.9536864469707430E-003
   734.99998357146978       0.99999808634914311        1.9563481417339797E-003
   735.99998354911804       0.99999808113838928        1.9590098364833564E-003
   736.99998352676630       0.99999807592055079        1.9616715312188540E-003
   737.99998350441456       0.99999807069562763        1.9643332259404542E-003
   738.99998348206282       0.99999806546361991        1.9669949206481373E-003
   739.99998345971107       0.99999806022452742        1.9696566153418853E-003
   740.99998343735933       0.99999805497835037        1.9723183100216787E-003
   741.99998341500759       0.99999804972508877        1.9749800046874994E-003
   742.99998339265585       0.99999804446474250        1.9776416993393278E-003
   743.99998337030411       0.99999803919731156        1.9803033939771448E-003
   744.99998334795237       0.99999803392279596        1.9829650886009327E-003
   745.99998332560062       0.99999802864119580        1.9856267832106720E-003
   746.99998330324888       0.99999802335251098        1.9882884778063435E-003
   747.99998328089714       0.99999801805674149        1.9909501723879290E-003
   748.99998325854540       0.99999801275388744        1.9936118669554091E-003
   749.99998323619366       0.99999800744394862        1.9962735615087651E-003
   750.99998321384192       0.99999800212692536        1.9989352560479783E-003
   751.99998319149017       0.99999799680281731        2.0015969505730305E-003
   752.99998316913843       0.99999799147162471        2.0042586450839013E-003
   753.99998314678669       0.99999798613334745        2.0069203395805726E-003
   754.99998312443495       0.99999798078798563        2.0095820340630256E-003
   755.99998310208321       0.99999797543553903        2.0122437285312413E-003
   756.99998307973146       0.99999797007600788        2.0149054229852015E-003
   757.99998305737972       0.99999796470939217        2.0175671174248863E-003
   758.99998303502798       0.99999795933569169        2.0202288118502778E-003
   759.99998301267624       0.99999795395490665        2.0228905062613565E-003
   760.99998299032450       0.99999794856703705        2.0255522006581033E-003
   761.99998296797276       0.99999794317208268        2.0282138950405001E-003
   762.99998294562101       0.99999793777004375        2.0308755894085278E-003
   763.99998292326927       0.99999793236092016        2.0335372837621676E-003
   764.99998290091753       0.99999792694471201        2.0361989781014001E-003
   765.99998287856579       0.99999792152141920        2.0388606724262071E-003
   766.99998285621405       0.99999791609104172        2.0415223667365695E-003
   767.99998283386230       0.99999791065357968        2.0441840610324687E-003
   768.99998281151056       0.99999790520903287        2.0468457553138850E-003
   769.99998278915882       0.99999789975740150        2.0495074495808004E-003
   770.99998276680708       0.99999789429868557        2.0521691438331962E-003
   771.99998274445534       0.99999788883288498        2.0548308380710523E-003
   772.99998272210360       0.99999788335999973        2.0574925322943511E-003
   773.99998269975185       0.99999787788002981        2.0601542265030735E-003
   774.99998267740011       0.99999787239297533        2.0628159206971999E-003
   775.99998265504837       0.99999786689883619        2.0654776148767125E-003
   776.99998263269663       0.99999786139761238        2.0681393090415915E-003
   777.99998261034489       0.99999785588930401        2.0708010031918189E-003
   778.99998258799314       0.99999785037391098        2.0734626973273750E-003
   779.99998256564140       0.99999784485143328        2.0761243914482414E-003
   780.99998254328966       0.99999783932187103        2.0787860855543995E-003
   781.99998252093792       0.99999783378522411        2.0814477796458298E-003
   782.99998249858618       0.99999782824149253        2.0841094737225137E-003
   783.99998247623444       0.99999782269067627        2.0867711677844329E-003
   784.99998245388269       0.99999781713277547        2.0894328618315684E-003
   785.99998243153095       0.99999781156779000        2.0920945558639001E-003
   786.99998240917921       0.99999780599571997        2.0947562498814104E-003
   787.99998238682747       0.99999780041656527        2.0974179438840801E-003
   788.99998236447573       0.99999779483032591        2.1000796378718902E-003
   789.99998234212399       0.99999778923700189        2.1027413318448220E-003
   790.99998231977224       0.99999778363659331        2.1054030258028569E-003
   791.99998229742050       0.99999777802910006        2.1080647197459753E-003
   792.99998227506876       0.99999777241452226        2.1107264136741590E-003
   793.99998225271702       0.99999776679285979        2.1133881075873894E-003
   794.99998223036528       0.99999776116411265        2.1160498014856466E-003
   795.99998220801353       0.99999775552828085        2.1187114953689127E-003
   796.99998218566179       0.99999774988536450        2.1213731892371682E-003
   797.99998216331005       0.99999774423536347        2.1240348830903946E-003
   798.99998214095831       0.99999773857827778        2.1266965769285730E-003
   799.99998211860657       0.99999773291410754        2.1293582707516846E-003
   800.99998209625483       0.99999772724285263        2.1320199645597101E-003
   801.99998207390308       0.99999772156451316        2.1346816583526313E-003
   802.99998205155134       0.99999771587908892        2.1373433521304293E-003
   803.99998202919960       0.99999771018658012        2.1400050458930844E-003
   804.99998200684786       0.99999770448698677        2.1426667396405785E-003
   805.99998198449612       0.99999769878030864        2.1453284333728929E-003
   806.99998196214437       0.99999769306654596        2.1479901270900080E-003
   807.99998193979263       0.99999768734569872        2.1506518207919057E-003
   808.99998191744089       0.99999768161776670        2.1533135144785665E-003
   809.99998189508915       0.99999767588275013        2.1559752081499717E-003
   810.99998187273741       0.99999767014064900        2.1586369018061031E-003
   811.99998185038567       0.99999766439146309        2.1612985954469412E-003
   812.99998182803392       0.99999765863519263        2.1639602890724668E-003
   813.99998180568218       0.99999765287183762        2.1666219826826619E-003
   814.99998178333044       0.99999764710139782        2.1692836762775072E-003
   815.99998176097870       0.99999764132387348        2.1719453698569842E-003
   816.99998173862696       0.99999763553926457        2.1746070634210734E-003
   817.99998171627522       0.99999762974757089        2.1772687569697564E-003
   818.99998169392347       0.99999762394879266        2.1799304505030139E-003
   819.99998167157173       0.99999761814292976        2.1825921440208275E-003
   820.99998164921999       0.99999761232998230        2.1852538375231783E-003
   821.99998162686825       0.99999760650995018        2.1879155310100475E-003
   822.99998160451651       0.99999760068283339        2.1905772244814156E-003
   823.99998158216476       0.99999759484863204        2.1932389179372650E-003
   824.99998155981302       0.99999758900734603        2.1959006113775755E-003
   825.99998153746128       0.99999758315897536        2.1985623048023286E-003
   826.99998151510954       0.99999757730352012        2.2012239982115061E-003
   827.99998149275780       0.99999757144098023        2.2038856916050888E-003
   828.99998147040606       0.99999756557135566        2.2065473849830573E-003
   829.99998144805431       0.99999755969464654        2.2092090783453937E-003
   830.99998142570257       0.99999755381085276        2.2118707716920782E-003
   831.99998140335083       0.99999754791997431        2.2145324650230925E-003
   832.99998138099909       0.99999754202201130        2.2171941583384179E-003
   833.99998135864735       0.99999753611696363        2.2198558516380350E-003
   834.99998133629560       0.99999753020483129        2.2225175449219251E-003
   835.99998131394386       0.99999752428561439        2.2251792381900700E-003
   836.99998129159212       0.99999751835931283        2.2278409314424497E-003
   837.99998126924038       0.99999751242592660        2.2305026246790460E-003
   838.99998124688864       0.99999750648545582        2.2331643178998403E-003
   839.99998122453690       0.99999750053790037        2.2358260111048130E-003
   840.99998120218515       0.99999749458326026        2.2384877042939460E-003
   841.99998117983341       0.99999748862153559        2.2411493974672202E-003
   842.99998115748167       0.99999748265272626        2.2438110906246164E-003
   843.99998113512993       0.99999747667683236        2.2464727837661160E-003
   844.99998111277819       0.99999747069385370        2.2491344768917000E-003
   845.99998109042645       0.99999746470379047        2.2517961700013502E-003
   846.99998106807470       0.99999745870664269        2.2544578630950469E-003
   847.99998104572296       0.99999745270241025        2.2571195561727712E-003
   848.99998102337122       0.99999744669109314        2.2597812492345056E-003
   849.99998100101948       0.99999744067269136        2.2624429422802295E-003
   850.99998097866774       0.99999743464720503        2.2651046353099249E-003
   851.99998095631599       0.99999742861463403        2.2677663283235728E-003
   852.99998093396425       0.99999742257497848        2.2704280213211546E-003
   853.99998091161251       0.99999741652823815        2.2730897143026507E-003
   854.99998088926077       0.99999741047441337        2.2757514072680434E-003
   855.99998086690903       0.99999740441350382        2.2784131002173127E-003
   856.99998084455729       0.99999739834550971        2.2810747931504404E-003
   857.99998082220554       0.99999739227043094        2.2837364860674079E-003
   858.99998079985380       0.99999738618826761        2.2863981789681955E-003
   859.99998077750206       0.99999738009901962        2.2890598718527848E-003
   860.99998075515032       0.99999737400268696        2.2917215647211570E-003
   861.99998073279858       0.99999736789926974        2.2943832575732931E-003
   862.99998071044683       0.99999736178876786        2.2970449504091744E-003
   863.99998068809509       0.99999735567118131        2.2997066432287818E-003
   864.99998066574335       0.99999734954651021        2.3023683360320966E-003
   865.99998064339161       0.99999734341475444        2.3050300288191003E-003
   866.99998062103987       0.99999733727591400        2.3076917215897733E-003
   867.99998059868813       0.99999733112998901        2.3103534143440970E-003
   868.99998057633638       0.99999732497697935        2.3130151070820532E-003
   869.99998055398464       0.99999731881688503        2.3156767998036222E-003
   870.99998053163290       0.99999731264970615        2.3183384925087851E-003
   871.99998050928116       0.99999730647544260        2.3210001851975241E-003
   872.99998048692942       0.99999730029409450        2.3236618778698192E-003
   873.99998046457767       0.99999729410566163        2.3263235705256518E-003
   874.99998044222593       0.99999728791014431        2.3289852631650037E-003
   875.99998041987419       0.99999728170754221        2.3316469557878553E-003
   876.99998039752245       0.99999727549785555        2.3343086483941879E-003
   877.99998037517071       0.99999726928108423        2.3369703409839831E-003
   878.99998035281897       0.99999726305722836        2.3396320335572211E-003
   879.99998033046722       0.99999725682628782        2.3422937261138848E-003
   880.99998030811548       0.99999725058826261        2.3449554186539532E-003
   881.99998028576374       0.99999724434315285        2.3476171111774086E-003
   882.99998026341200       0.99999723809095842        2.3502788036842319E-003
   883.99998024106026       0.99999723183167932        2.3529404961744045E-003
   884.99998021870852       0.99999722556531567        2.3556021886479072E-003
   885.99998019635677       0.99999721929186736        2.3582638811047215E-003
   886.99998017400503       0.99999721301133448        2.3609255735448282E-003
   887.99998015165329       0.99999720672371684        2.3635872659682083E-003
   888.99998012930155       0.99999720042901474        2.3662489583748435E-003
   889.99998010694981       0.99999719412722787        2.3689106507647148E-003
   890.99998008459806       0.99999718781835645        2.3715723431378031E-003
   891.99998006224632       0.99999718150240036        2.3742340354940892E-003
   892.99998003989458       0.99999717517935971        2.3768957278335551E-003
   893.99998001754284       0.99999716884923440        2.3795574201561816E-003
   894.99997999519110       0.99999716251202442        2.3822191124619500E-003
   895.99997997283936       0.99999715616772988        2.3848808047508409E-003
   896.99997995048761       0.99999714981635068        2.3875424970228355E-003
   897.99997992813587       0.99999714345788682        2.3902041892779153E-003
   898.99997990578413       0.99999713709233840        2.3928658815160616E-003
   899.99997988343239       0.99999713071970531        2.3955275737372553E-003
   900.99997986108065       0.99999712433998766        2.3981892659414774E-003
   901.99997983872890       0.99999711795318535        2.4008509581287096E-003
   902.99997981637716       0.99999711155929838        2.4035126502989319E-003
   903.99997979402542       0.99999710515832685        2.4061743424521266E-003
   904.99997977167368       0.99999709875027065        2.4088360345882742E-003
   905.99997974932194       0.99999709233512979        2.4114977267073565E-003
   906.99997972697020       0.99999708591290437        2.4141594188093539E-003
   907.99997970461845       0.99999707948359429        2.4168211108942478E-003
   908.99997968226671       0.99999707304719954        2.4194828029620191E-003
   909.99997965991497       0.99999706660372023        2.4221444950126496E-003
   910.99997963756323       0.99999706015315626        2.4248061870461197E-003
   911.99997961521149       0.99999705369550773        2.4274678790624114E-003
   912.99997959285975       0.99999704723077454        2.4301295710615054E-003
   913.99997957050800       0.99999704075895668        2.4327912630433828E-003
   914.99997954815626       0.99999703428005426        2.4354529550080243E-003
   915.99997952580452       0.99999702779406718        2.4381146469554115E-003
   916.99997950345278       0.99999702130099544        2.4407763388855255E-003
   917.99997948110104       0.99999701480083913        2.4434380307983478E-003
   918.99997945874929       0.99999700829359817        2.4460997226938589E-003
   919.99997943639755       0.99999700177927264        2.4487614145720406E-003
   920.99997941404581       0.99999699525786234        2.4514231064328732E-003
   921.99997939169407       0.99999698872936760        2.4540847982763387E-003
   922.99997936934233       0.99999698219378808        2.4567464901024180E-003
   923.99997934699059       0.99999697565112400        2.4594081819110918E-003
   924.99997932463884       0.99999696910137537        2.4620698737023413E-003
   925.99997930228710       0.99999696254454196        2.4647315654761485E-003
   926.99997927993536       0.99999695598062410        2.4673932572324936E-003
   927.99997925758362       0.99999694940962147        2.4700549489713583E-003
   928.99997923523188       0.99999694283153429        2.4727166406927235E-003
   929.99997921288013       0.99999693624636243        2.4753783323965702E-003
   930.99997919052839       0.99999692965410603        2.4780400240828797E-003
   931.99997916817665       0.99999692305476495        2.4807017157516334E-003
   932.99997914582491       0.99999691644833921        2.4833634074028122E-003
   933.99997912347317       0.99999690983482892        2.4860250990363969E-003
   934.99997910112143       0.99999690321423396        2.4886867906523695E-003
   935.99997907876968       0.99999689658655444        2.4913484822507103E-003
   936.99997905641794       0.99999688995179026        2.4940101738314007E-003
   937.99997903406620       0.99999688330994141        2.4966718653944221E-003
   938.99997901171446       0.99999687666100801        2.4993335569397554E-003
   939.99997898936272       0.99999687000498994        2.5019952484673820E-003
   940.99997896701097       0.99999686334188720        2.5046569399772827E-003
   941.99997894465923       0.99999685667169991        2.5073186314694385E-003
   942.99997892230749       0.99999684999442795        2.5099803229438312E-003
   943.99997889995575       0.99999684331007144        2.5126420144004420E-003
   944.99997887760401       0.99999683661863026        2.5153037058392512E-003
   945.99997885525227       0.99999682992010441        2.5179653972602404E-003
   946.99997883290052       0.99999682321449401        2.5206270886633905E-003
   947.99997881054878       0.99999681650179895        2.5232887800486830E-003
   948.99997878819704       0.99999680978201921        2.5259504714160988E-003
   949.99997876584530       0.99999680305515493        2.5286121627656191E-003
   950.99997874349356       0.99999679632120597        2.5312738540972249E-003
   951.99997872114182       0.99999678958017246        2.5339355454108980E-003
   952.99997869879007       0.99999678283205429        2.5365972367066190E-003
   953.99997867643833       0.99999677607685145        2.5392589279843686E-003
   954.99997865408659       0.99999676931456405        2.5419206192441287E-003
   955.99997863173485       0.99999676254519199        2.5445823104858806E-003
   956.99997860938311       0.99999675576873537        2.5472440017096044E-003
   957.99997858703136       0.99999674898519408        2.5499056929152823E-003
   958.99997856467962       0.99999674219456813        2.5525673841028948E-003
   959.99997854232788       0.99999673539685763        2.5552290752724233E-003
   960.99997851997614       0.99999672859206246        2.5578907664238490E-003
   961.99997849762440       0.99999672178018273        2.5605524575571530E-003
   962.99997847527266       0.99999671496121834        2.5632141486723165E-003
   963.99997845292091       0.99999670813516928        2.5658758397693201E-003
   964.99997843056917       0.99999670130203566        2.5685375308481459E-003
   965.99997840821743       0.99999669446181738        2.5711992219087740E-003
   966.99997838586569       0.99999668761451443        2.5738609129511863E-003
   967.99997836351395       0.99999668076012693        2.5765226039753640E-003
   968.99997834116220       0.99999667389865476        2.5791842949812877E-003
   969.99997831881046       0.99999666703009804        2.5818459859689386E-003
   970.99997829645872       0.99999666015445665        2.5845076769382982E-003
   971.99997827410698       0.99999665327173060        2.5871693678893473E-003
   972.99997825175524       0.99999664638191998        2.5898310588220673E-003
   973.99997822940350       0.99999663948502471        2.5924927497364397E-003
   974.99997820705175       0.99999663258104488        2.5951544406324447E-003
   975.99997818470001       0.99999662566998038        2.5978161315100643E-003
   976.99997816234827       0.99999661875183121        2.6004778223692794E-003
   977.99997813999653       0.99999661182659749        2.6031395132100708E-003
   978.99997811764479       0.99999660489427911        2.6058012040324199E-003
   979.99997809529305       0.99999659795487617        2.6084628948363077E-003
   980.99997807294130       0.99999659100838856        2.6111245856217154E-003
   981.99997805058956       0.99999658405481640        2.6137862763886241E-003
   982.99997802823782       0.99999657709415946        2.6164479671370155E-003
   983.99997800588608       0.99999657012641807        2.6191096578668700E-003
   984.99997798353434       0.99999656315159191        2.6217713485781691E-003
   985.99997796118259       0.99999655616968119        2.6244330392708936E-003
   986.99997793883085       0.99999654918068592        2.6270947299450254E-003
   987.99997791647911       0.99999654218460587        2.6297564206005449E-003
   988.99997789412737       0.99999653518144138        2.6324181112374334E-003
   989.99997787177563       0.99999652817119211        2.6350798018556724E-003
   990.99997784942389       0.99999652115385829        2.6377414924552427E-003
   991.99997782707214       0.99999651412943991        2.6404031830361257E-003
   992.99997780472040       0.99999650709793675        2.6430648735983023E-003
   993.99997778236866       0.99999650005934915        2.6457265641417534E-003
   994.99997776001692       0.99999649301367677        2.6483882546664609E-003
   995.99997773766518       0.99999648596091983        2.6510499451724051E-003
   996.99997771531343       0.99999647890107835        2.6537116356595680E-003
   997.99997769296169       0.99999647183415219        2.6563733261279299E-003
   998.99997767060995       0.99999646476014137        2.6590350165774726E-003
   999.99997764825821       0.99999645767904588        2.6616967070081767E-003
