   0.0000000000000000        1.6592507804370448E-002  0.30000001192092896     
  0.99999997764825821        1.6592495064780350E-002  0.30000001192092896     
   1.9999999552965164        1.6592456845918872E-002  0.30000001192092896     
   2.9999999329447746        1.6592393147668638E-002  0.30000001192092896     
   3.9999999105930328        1.6592303969833997E-002  0.30000001192092896     
   4.9999998882412910        1.6592189312141070E-002  0.30000001192092896     
   5.9999998658895493        1.6592049174237723E-002  0.30000001192092873     
   6.9999998435378075        1.6591883555693542E-002  0.30000001192092318     
   7.9999998211860657        1.6591692455999802E-002  0.30000001192091763     
   8.9999997988343239        1.6591475874569543E-002  0.30000001192091208     
   9.9999997764825821        1.6591233810737471E-002  0.30000001192090653     
   10.999999754130840        1.6590966263760047E-002  0.30000001192090098     
   11.999999731779099        1.6590673232815351E-002  0.30000001192089543     
   12.999999709427357        1.6590354717003167E-002  0.30000001192088988     
   13.999999687075615        1.6590010715344904E-002  0.30000001192088432     
   14.999999664723873        1.6589641226783625E-002  0.30000001192087877     
   15.999999642372131        1.6589246250183994E-002  0.30000001192087322     
   16.999999620020390        1.6588825784332337E-002  0.30000001192086767     
   17.999999597668648        1.6588379827936466E-002  0.30000001192086145     
   18.999999575316906        1.6587908379625840E-002  0.30000001192085035     
   19.999999552965164        1.6587411437951380E-002  0.30000001192083925     
   20.999999530613422        1.6586889001385545E-002  0.30000001192082815     
   21.999999508261681        1.6586341068322304E-002  0.30000001192081704     
   22.999999485909939        1.6585767637077042E-002  0.30000001192080594     
   23.999999463558197        1.6585168705886593E-002  0.30000001192079484     
   24.999999441206455        1.6584544272909171E-002  0.30000001192078374     
   25.999999418854713        1.6583894336224383E-002  0.30000001192077264     
   26.999999396502972        1.6583218893833150E-002  0.30000001192076153     
   27.999999374151230        1.6582517943657706E-002  0.30000001192075043     
   28.999999351799488        1.6581791483541539E-002  0.30000001192073933     
   29.999999329447746        1.6581039511249372E-002  0.30000001192072717     
   30.999999307096004        1.6580262024467128E-002  0.30000001192071052     
   31.999999284744263        1.6579459020801882E-002  0.30000001192069387     
   32.999999262392521        1.6578630497781788E-002  0.30000001192067721     
   33.999999240040779        1.6577776452856109E-002  0.30000001192066056     
   34.999999217689037        1.6576896883395101E-002  0.30000001192064391     
   35.999999195337296        1.6575991786690045E-002  0.30000001192062725     
   36.999999172985554        1.6575061159953098E-002  0.30000001192061060     
   37.999999150633812        1.6574105000317335E-002  0.30000001192059395     
   38.999999128282070        1.6573123304836682E-002  0.30000001192057729     
   39.999999105930328        1.6572116070485865E-002  0.30000001192056064     
   40.999999083578587        1.6571083294160321E-002  0.30000001192054399     
   41.999999061226845        1.6570024972676164E-002  0.30000001192052594     
   42.999999038875103        1.6568941102770157E-002  0.30000001192050374     
   43.999999016523361        1.6567831681099661E-002  0.30000001192048154     
   44.999998994171619        1.6566696704242486E-002  0.30000001192045933     
   45.999998971819878        1.6565536168696986E-002  0.30000001192043713     
   46.999998949468136        1.6564350070881865E-002  0.30000001192041492     
   47.999998927116394        1.6563138407136184E-002  0.30000001192039272     
   48.999998904764652        1.6561901173719255E-002  0.30000001192037051     
   49.999998882412910        1.6560638366810643E-002  0.30000001192034831     
   50.999998860061169        1.6559349982510029E-002  0.30000001192032610     
   51.999998837709427        1.6558036016837203E-002  0.30000001192030390     
   52.999998815357685        1.6556696465731963E-002  0.30000001192028170     
   53.999998793005943        1.6555331325054018E-002  0.30000001192025783     
   54.999998770654202        1.6553940590583009E-002  0.30000001192023007     
   55.999998748302460        1.6552524258018335E-002  0.30000001192020231     
   56.999998725950718        1.6551082322979138E-002  0.30000001192017456     
   57.999998703598976        1.6549614781004203E-002  0.30000001192014680     
   58.999998681247234        1.6548121627551912E-002  0.30000001192011905     
   59.999998658895493        1.6546602858000140E-002  0.30000001192009129     
   60.999998636543751        1.6545058467646163E-002  0.30000001192006354     
   61.999998614192009        1.6543488451706619E-002  0.30000001192003578     
   62.999998591840267        1.6541892805317423E-002  0.30000001192000803     
   63.999998569488525        1.6540271523533621E-002  0.30000001191998027     
   64.999998547136784        1.6538624601329360E-002  0.30000001191995251     
   65.999998524785042        1.6536952033597816E-002  0.30000001191992287     
   66.999998502433300        1.6535253815151012E-002  0.30000001191988956     
   67.999998480081558        1.6533529940719903E-002  0.30000001191985626     
   68.999998457729816        1.6531780404954090E-002  0.30000001191982295     
   69.999998435378075        1.6530005202421878E-002  0.30000001191978964     
   70.999998413026333        1.6528204327610062E-002  0.30000001191975634     
   71.999998390674591        1.6526377774923950E-002  0.30000001191972303     
   72.999998368322849        1.6524525538687204E-002  0.30000001191968972     
   73.999998345971107        1.6522647613141681E-002  0.30000001191965642     
   74.999998323619366        1.6520743992447472E-002  0.30000001191962311     
   75.999998301267624        1.6518814670682721E-002  0.30000001191958980     
   76.999998278915882        1.6516859641843473E-002  0.30000001191955650     
   77.999998256564140        1.6514878899843696E-002  0.30000001191952119     
   78.999998234212399        1.6512872438515083E-002  0.30000001191948233     
   79.999998211860657        1.6510840251606967E-002  0.30000001191944348     
   80.999998189508915        1.6508782332786204E-002  0.30000001191940462     
   81.999998167157173        1.6506698675637123E-002  0.30000001191936576     
   82.999998144805431        1.6504589273661319E-002  0.30000001191932690     
   83.999998122453690        1.6502454120277572E-002  0.30000001191928805     
   84.999998100101948        1.6500293208821817E-002  0.30000001191924919     
   85.999998077750206        1.6498106532546894E-002  0.30000001191921033     
   86.999998055398464        1.6495894084622556E-002  0.30000001191917147     
   87.999998033046722        1.6493655858135243E-002  0.30000001191913261     
   88.999998010694981        1.6491391846088024E-002  0.30000001191909376     
   89.999997988343239        1.6489102041400468E-002  0.30000001191905290     
   90.999997965991497        1.6486786436908499E-002  0.30000001191900849     
   91.999997943639755        1.6484445025364339E-002  0.30000001191896408     
   92.999997921288013        1.6482077799436258E-002  0.30000001191891967     
   93.999997898936272        1.6479684751708530E-002  0.30000001191887526     
   94.999997876584530        1.6477265874681356E-002  0.30000001191883086     
   95.999997854232788        1.6474821160770578E-002  0.30000001191878645     
   96.999997831881046        1.6472350602307659E-002  0.30000001191874204     
   97.999997809529305        1.6469854191539575E-002  0.30000001191869763     
   98.999997787177563        1.6467331920628568E-002  0.30000001191865322     
   99.999997764825821        1.6464783781652080E-002  0.30000001191860881     
   100.99999774247408        1.6462209766602651E-002  0.30000001191856440     
   101.99999772012234        1.6459609867387679E-002  0.30000001191851811     
   102.99999769777060        1.6456984075829354E-002  0.30000001191846815     
   103.99999767541885        1.6454332383664467E-002  0.30000001191841819     
   104.99999765306711        1.6451654782544286E-002  0.30000001191836823     
   105.99999763071537        1.6448951264034450E-002  0.30000001191831827     
   106.99999760836363        1.6446221819614724E-002  0.30000001191826831     
   107.99999758601189        1.6443466440678949E-002  0.30000001191821835     
   108.99999756366014        1.6440685118534821E-002  0.30000001191816839     
   109.99999754130840        1.6437877844403804E-002  0.30000001191811843     
   110.99999751895666        1.6435044609420850E-002  0.30000001191806847     
   111.99999749660492        1.6432185404634383E-002  0.30000001191801851     
   112.99999747425318        1.6429300221006082E-002  0.30000001191796855     
   113.99999745190144        1.6426389049410687E-002  0.30000001191791698     
   114.99999742954969        1.6423451880635907E-002  0.30000001191786146     
   115.99999740719795        1.6420488705382177E-002  0.30000001191780595     
   116.99999738484621        1.6417499514262572E-002  0.30000001191775044     
   117.99999736249447        1.6414484297802588E-002  0.30000001191769493     
   118.99999734014273        1.6411443046439985E-002  0.30000001191763942     
   119.99999731779099        1.6408375750524597E-002  0.30000001191758391     
   120.99999729543924        1.6405282400318244E-002  0.30000001191752840     
   121.99999727308750        1.6402162985994412E-002  0.30000001191747289     
   122.99999725073576        1.6399017497638207E-002  0.30000001191741738     
   123.99999722838402        1.6395845925246146E-002  0.30000001191736186     
   124.99999720603228        1.6392648258725950E-002  0.30000001191730635     
   125.99999718368053        1.6389424487896324E-002  0.30000001191724968     
   126.99999716132879        1.6386174602486876E-002  0.30000001191718861     
   127.99999713897705        1.6382898592137912E-002  0.30000001191712755     
   128.99999711662531        1.6379596446400142E-002  0.30000001191706649     
   129.99999709427357        1.6376268154734600E-002  0.30000001191700543     
   130.99999707192183        1.6372913706512431E-002  0.30000001191694436     
   131.99999704957008        1.6369533091014701E-002  0.30000001191688330     
   132.99999702721834        1.6366126297432160E-002  0.30000001191682224     
   133.99999700486660        1.6362693314865118E-002  0.30000001191676118     
   134.99999698251486        1.6359234132323163E-002  0.30000001191670012     
   135.99999696016312        1.6355748738725060E-002  0.30000001191663905     
   136.99999693781137        1.6352237122898433E-002  0.30000001191657799     
   137.99999691545963        1.6348699273579650E-002  0.30000001191651637     
   138.99999689310789        1.6345135179413640E-002  0.30000001191644976     
   139.99999687075615        1.6341544828953575E-002  0.30000001191638315     
   140.99999684840441        1.6337928210660772E-002  0.30000001191631653     
   141.99999682605267        1.6334285312904411E-002  0.30000001191624992     
   142.99999680370092        1.6330616123961344E-002  0.30000001191618331     
   143.99999678134918        1.6326920632015900E-002  0.30000001191611669     
   144.99999675899744        1.6323198825159653E-002  0.30000001191605008     
   145.99999673664570        1.6319450691391211E-002  0.30000001191598347     
   146.99999671429396        1.6315676218615977E-002  0.30000001191591685     
   147.99999669194221        1.6311875394645931E-002  0.30000001191585024     
   148.99999666959047        1.6308048207199419E-002  0.30000001191578363     
   149.99999664723873        1.6304194643900927E-002  0.30000001191571701     
   150.99999662488699        1.6300314692280812E-002  0.30000001191564507     
   151.99999660253525        1.6296408339775175E-002  0.30000001191557291     
   152.99999658018351        1.6292475573725509E-002  0.30000001191550074     
   153.99999655783176        1.6288516381378508E-002  0.30000001191542858     
   154.99999653548002        1.6284530749885860E-002  0.30000001191535641     
   155.99999651312828        1.6280518666303992E-002  0.30000001191528425     
   156.99999649077654        1.6276480117593792E-002  0.30000001191521208     
   157.99999646842480        1.6272415090620468E-002  0.30000001191513992     
   158.99999644607306        1.6268323572153149E-002  0.30000001191506775     
   159.99999642372131        1.6264205548864770E-002  0.30000001191499559     
   160.99999640136957        1.6260061007331763E-002  0.30000001191492343     
   161.99999637901783        1.6255889934033822E-002  0.30000001191485126     
   162.99999635666609        1.6251692315353665E-002  0.30000001191477482     
   163.99999633431435        1.6247468137576729E-002  0.30000001191469711     
   164.99999631196260        1.6243217386890937E-002  0.30000001191461939     
   165.99999628961086        1.6238940049386506E-002  0.30000001191454168     
   166.99999626725912        1.6234636111055561E-002  0.30000001191446396     
   167.99999624490738        1.6230305557791980E-002  0.30000001191438624     
   168.99999622255564        1.6225948375391062E-002  0.30000001191430853     
   169.99999620020390        1.6221564549549261E-002  0.30000001191423081     
   170.99999617785215        1.6217154065863982E-002  0.30000001191415310     
   171.99999615550041        1.6212716909833211E-002  0.30000001191407538     
   172.99999613314867        1.6208253066855312E-002  0.30000001191399767     
   173.99999611079693        1.6203762522228726E-002  0.30000001191391995     
   174.99999608844519        1.6199245261151671E-002  0.30000001191383924     
   175.99999606609344        1.6194701268721943E-002  0.30000001191375597     
   176.99999604374170        1.6190130529936508E-002  0.30000001191367270     
   177.99999602138996        1.6185533029691279E-002  0.30000001191358944     
   178.99999599903822        1.6180908752780856E-002  0.30000001191350617     
   179.99999597668648        1.6176257683898170E-002  0.30000001191342290     
   180.99999595433474        1.6171579807634281E-002  0.30000001191333964     
   181.99999593198299        1.6166875108477943E-002  0.30000001191325637     
   182.99999590963125        1.6162143570815468E-002  0.30000001191317310     
   183.99999588727951        1.6157385178930266E-002  0.30000001191308984     
   184.99999586492777        1.6152599917002679E-002  0.30000001191300657     
   185.99999584257603        1.6147787769109575E-002  0.30000001191292330     
   186.99999582022429        1.6142948719224105E-002  0.30000001191283859     
   187.99999579787254        1.6138082751215359E-002  0.30000001191274978     
   188.99999577552080        1.6133189848848060E-002  0.30000001191266096     
   189.99999575316906        1.6128269995782277E-002  0.30000001191257214     
   190.99999573081732        1.6123323175573030E-002  0.30000001191248332     
   191.99999570846558        1.6118349371670060E-002  0.30000001191239450     
   192.99999568611383        1.6113348567417442E-002  0.30000001191230569     
   193.99999566376209        1.6108320746053312E-002  0.30000001191221687     
   194.99999564141035        1.6103265890709473E-002  0.30000001191212805     
   195.99999561905861        1.6098183984411100E-002  0.30000001191203923     
   196.99999559670687        1.6093075010076410E-002  0.30000001191195041     
   197.99999557435513        1.6087938950516363E-002  0.30000001191186160     
   198.99999555200338        1.6082775788434239E-002  0.30000001191177278     
   199.99999552965164        1.6077585506425372E-002  0.30000001191167880     
   200.99999550729990        1.6072368086976728E-002  0.30000001191158443     
   201.99999548494816        1.6067123512466624E-002  0.30000001191149006     
   202.99999546259642        1.6061851765164371E-002  0.30000001191139569     
   203.99999544024467        1.6056552827229873E-002  0.30000001191130132     
   204.99999541789293        1.6051226680713380E-002  0.30000001191120695     
   205.99999539554119        1.6045873307555001E-002  0.30000001191111259     
   206.99999537318945        1.6040492689584403E-002  0.30000001191101822     
   207.99999535083771        1.6035084808520440E-002  0.30000001191092385     
   208.99999532848597        1.6029649645970808E-002  0.30000001191082948     
   209.99999530613422        1.6024187183431654E-002  0.30000001191073511     
   210.99999528378248        1.6018697402287223E-002  0.30000001191064074     
   211.99999526143074        1.6013180283809433E-002  0.30000001191054332     
   212.99999523907900        1.6007635809157556E-002  0.30000001191044340     
   213.99999521672726        1.6002063959377821E-002  0.30000001191034348     
   214.99999519437551        1.5996464715403023E-002  0.30000001191024356     
   215.99999517202377        1.5990838058052115E-002  0.30000001191014364     
   216.99999514967203        1.5985183968029865E-002  0.30000001191004372     
   217.99999512732029        1.5979502425926433E-002  0.30000001190994380     
   218.99999510496855        1.5973793412216959E-002  0.30000001190984388     
   219.99999508261681        1.5968056907261236E-002  0.30000001190974396     
   220.99999506026506        1.5962292891303197E-002  0.30000001190964404     
   221.99999503791332        1.5956501344470610E-002  0.30000001190954412     
   222.99999501556158        1.5950682246774640E-002  0.30000001190944420     
   223.99999499320984        1.5944835578109426E-002  0.30000001190934372     
   224.99999497085810        1.5938961318251652E-002  0.30000001190923825     
   225.99999494850636        1.5933059446860163E-002  0.30000001190913278     
   226.99999492615461        1.5927129943475539E-002  0.30000001190902731     
   227.99999490380287        1.5921172787519627E-002  0.30000001190892184     
   228.99999488145113        1.5915187958295180E-002  0.30000001190881637     
   229.99999485909939        1.5909175434985386E-002  0.30000001190871090     
   230.99999483674765        1.5903135196653477E-002  0.30000001190860542     
   231.99999481439590        1.5897067222242208E-002  0.30000001190849995     
   232.99999479204416        1.5890971490573506E-002  0.30000001190839448     
   233.99999476969242        1.5884847980347953E-002  0.30000001190828901     
   234.99999474734068        1.5878696670144431E-002  0.30000001190818354     
   235.99999472498894        1.5872517538419565E-002  0.30000001190807807     
   236.99999470263720        1.5866310563507322E-002  0.30000001190796927     
   237.99999468028545        1.5860075723618573E-002  0.30000001190785824     
   238.99999465793371        1.5853812996840626E-002  0.30000001190774722     
   239.99999463558197        1.5847522361136700E-002  0.30000001190763620     
   240.99999461323023        1.5841203794345584E-002  0.30000001190752518     
   241.99999459087849        1.5834857274180998E-002  0.30000001190741415     
   242.99999456852674        1.5828482778231231E-002  0.30000001190730313     
   243.99999454617500        1.5822080283958671E-002  0.30000001190719211     
   244.99999452382326        1.5815649768699262E-002  0.30000001190708109     
   245.99999450147152        1.5809191209662034E-002  0.30000001190697007     
   246.99999447911978        1.5802704583928674E-002  0.30000001190685904     
   247.99999445676804        1.5796189868452937E-002  0.30000001190674802     
   248.99999443441629        1.5789647040060188E-002  0.30000001190663689     
   249.99999441206455        1.5783076075446958E-002  0.30000001190652031     
   250.99999438971281        1.5776476951180375E-002  0.30000001190640374     
   251.99999436736107        1.5769849643697643E-002  0.30000001190628717     
   252.99999434500933        1.5763194129305616E-002  0.30000001190617059     
   253.99999432265759        1.5756510384180144E-002  0.30000001190605402     
   254.99999430030584        1.5749798384365712E-002  0.30000001190593745     
   255.99999427795410        1.5743058105774779E-002  0.30000001190582087     
   256.99999425560236        1.5736289524187343E-002  0.30000001190570430     
   257.99999423325062        1.5729492615250380E-002  0.30000001190558773     
   258.99999421089888        1.5722667354477259E-002  0.30000001190547115     
   259.99999418854713        1.5715813717247271E-002  0.30000001190535458     
   260.99999416619539        1.5708931678805084E-002  0.30000001190523801     
   261.99999414384365        1.5702021214260131E-002  0.30000001190511938     
   262.99999412149191        1.5695082298586124E-002  0.30000001190499725     
   263.99999409914017        1.5688114906620455E-002  0.30000001190487513     
   264.99999407678843        1.5681119013063693E-002  0.30000001190475301     
   265.99999405443668        1.5674094592478892E-002  0.30000001190463088     
   266.99999403208494        1.5667041619291187E-002  0.30000001190450876     
   267.99999400973320        1.5659960067787075E-002  0.30000001190438663     
   268.99999398738146        1.5652849912113961E-002  0.30000001190426451     
   269.99999396502972        1.5645711126279490E-002  0.30000001190414238     
   270.99999394267797        1.5638543684150935E-002  0.30000001190402026     
   271.99999392032623        1.5631347559454771E-002  0.30000001190389813     
   272.99999389797449        1.5624122725775836E-002  0.30000001190377601     
   273.99999387562275        1.5616869156556969E-002  0.30000001190365388     
   274.99999385327101        1.5609586825098229E-002  0.30000001190352815     
   275.99999383091927        1.5602275704556360E-002  0.30000001190340048     
   276.99999380856752        1.5594935767944174E-002  0.30000001190327280     
   277.99999378621578        1.5587566988129922E-002  0.30000001190314513     
   278.99999376386404        1.5580169337836694E-002  0.30000001190301745     
   279.99999374151230        1.5572742789641762E-002  0.30000001190288977     
   280.99999371916056        1.5565287315975937E-002  0.30000001190276210     
   281.99999369680882        1.5557802889122979E-002  0.30000001190263442     
   282.99999367445707        1.5550289481218896E-002  0.30000001190250675     
   283.99999365210533        1.5542747064251329E-002  0.30000001190237907     
   284.99999362975359        1.5535175610058924E-002  0.30000001190225140     
   285.99999360740185        1.5527575090330601E-002  0.30000001190212372     
   286.99999358505011        1.5519945476604969E-002  0.30000001190199604     
   287.99999356269836        1.5512286740269617E-002  0.30000001190186376     
   288.99999354034662        1.5504598852560433E-002  0.30000001190173053     
   289.99999351799488        1.5496881784560964E-002  0.30000001190159731     
   290.99999349564314        1.5489135507201690E-002  0.30000001190146408     
   291.99999347329140        1.5481359991259352E-002  0.30000001190133085     
   292.99999345093966        1.5473555207356271E-002  0.30000001190119763     
   293.99999342858791        1.5465721125959651E-002  0.30000001190106440     
   294.99999340623617        1.5457857717380844E-002  0.30000001190093117     
   295.99999338388443        1.5449964951774649E-002  0.30000001190079795     
   296.99999336153269        1.5442042799138623E-002  0.30000001190066472     
   297.99999333918095        1.5434091229312323E-002  0.30000001190053149     
   298.99999331682920        1.5426110211976613E-002  0.30000001190039827     
   299.99999329447746        1.5418099716652908E-002  0.30000001190026504     
   300.99999327212572        1.5410059712702460E-002  0.30000001190012665     
   301.99999324977398        1.5401990169325567E-002  0.30000001189998787     
   302.99999322742224        1.5393891055560891E-002  0.30000001189984909     
   303.99999320507050        1.5385762340284648E-002  0.30000001189971032     
   304.99999318271875        1.5377603992209861E-002  0.30000001189957154     
   305.99999316036701        1.5369415979885599E-002  0.30000001189943276     
   306.99999313801527        1.5361198271696219E-002  0.30000001189929398     
   307.99999311566353        1.5352950835860552E-002  0.30000001189915521     
   308.99999309331179        1.5344673640431144E-002  0.30000001189901643     
   309.99999307096004        1.5336366653293451E-002  0.30000001189887765     
   310.99999304860830        1.5328029842165058E-002  0.30000001189873887     
   311.99999302625656        1.5319663174594850E-002  0.30000001189860009     
   312.99999300390482        1.5311266617962227E-002  0.30000001189846132     
   313.99999298155308        1.5302840139476286E-002  0.30000001189831738     
   314.99999295920134        1.5294383706174985E-002  0.30000001189817305     
   315.99999293684959        1.5285897284924299E-002  0.30000001189802872     
   316.99999291449785        1.5277380842417428E-002  0.30000001189788439     
   317.99999289214611        1.5268834345173937E-002  0.30000001189774006     
   318.99999286979437        1.5260257759538877E-002  0.30000001189759573     
   319.99999284744263        1.5251651051681988E-002  0.30000001189745140     
   320.99999282509089        1.5243014187596771E-002  0.30000001189730707     
   321.99999280273914        1.5234347133099660E-002  0.30000001189716274     
   322.99999278038740        1.5225649853829145E-002  0.30000001189701841     
   323.99999275803566        1.5216922315244881E-002  0.30000001189687409     
   324.99999273568392        1.5208164482626806E-002  0.30000001189672976     
   325.99999271333218        1.5199376321074215E-002  0.30000001189658543     
   326.99999269098043        1.5190557795504916E-002  0.30000001189643649     
   327.99999266862869        1.5181708870654244E-002  0.30000001189628661     
   328.99999264627695        1.5172829511074192E-002  0.30000001189613673     
   329.99999262392521        1.5163919681132492E-002  0.30000001189598685     
   330.99999260157347        1.5154979345011657E-002  0.30000001189583697     
   331.99999257922173        1.5146008466708048E-002  0.30000001189568709     
   332.99999255686998        1.5137007010030925E-002  0.30000001189553721     
   333.99999253451824        1.5127974938601492E-002  0.30000001189538733     
   334.99999251216650        1.5118912215851908E-002  0.30000001189523745     
   335.99999248981476        1.5109818805024414E-002  0.30000001189508757     
   336.99999246746302        1.5100694669170222E-002  0.30000001189493769     
   337.99999244511127        1.5091539771148608E-002  0.30000001189478781     
   338.99999242275953        1.5082354073625917E-002  0.30000001189463793     
   339.99999240040779        1.5073137539074534E-002  0.30000001189448461     
   340.99999237805605        1.5063890129771891E-002  0.30000001189432918     
   341.99999235570431        1.5054611807799425E-002  0.30000001189417375     
   342.99999233335257        1.5045302535041594E-002  0.30000001189401831     
   343.99999231100082        1.5035962273184798E-002  0.30000001189386288     
   344.99999228864908        1.5026590983716373E-002  0.30000001189370745     
   345.99999226629734        1.5017188627923500E-002  0.30000001189355202     
   346.99999224394560        1.5007755166892189E-002  0.30000001189339659     
   347.99999222159386        1.4998290561506158E-002  0.30000001189324116     
   348.99999219924212        1.4988794772445819E-002  0.30000001189308573     
   349.99999217689037        1.4979267760187131E-002  0.30000001189293030     
   350.99999215453863        1.4969709485000550E-002  0.30000001189277486     
   351.99999213218689        1.4960119906949895E-002  0.30000001189261943     
   352.99999210983515        1.4950498985891267E-002  0.30000001189246239     
   353.99999208748341        1.4940846681471880E-002  0.30000001189230141     
   354.99999206513166        1.4931162953128964E-002  0.30000001189214043     
   355.99999204277992        1.4921447760088628E-002  0.30000001189197945     
   356.99999202042818        1.4911701061364703E-002  0.30000001189181846     
   357.99999199807644        1.4901922815757562E-002  0.30000001189165748     
   358.99999197572470        1.4892112981852976E-002  0.30000001189149650     
   359.99999195337296        1.4882271518020929E-002  0.30000001189133552     
   360.99999193102121        1.4872398382414423E-002  0.30000001189117453     
   361.99999190866947        1.4862493532968283E-002  0.30000001189101355     
   362.99999188631773        1.4852556927397946E-002  0.30000001189085257     
   363.99999186396599        1.4842588523198273E-002  0.30000001189069159     
   364.99999184161425        1.4832588277642276E-002  0.30000001189053060     
   365.99999181926250        1.4822556147779897E-002  0.30000001189036962     
   366.99999179691076        1.4812492090436769E-002  0.30000001189020403     
   367.99999177455902        1.4802396062212951E-002  0.30000001189003750     
   368.99999175220728        1.4792268019481646E-002  0.30000001188987097     
   369.99999172985554        1.4782107918387934E-002  0.30000001188970443     
   370.99999170750380        1.4771915714847497E-002  0.30000001188953790     
   371.99999168515205        1.4761691364545280E-002  0.30000001188937137     
   372.99999166280031        1.4751434822934196E-002  0.30000001188920483     
   373.99999164044857        1.4741146045233806E-002  0.30000001188903830     
   374.99999161809683        1.4730824986428996E-002  0.30000001188887176     
   375.99999159574509        1.4720471601268607E-002  0.30000001188870523     
   376.99999157339334        1.4710085844264087E-002  0.30000001188853870     
   377.99999155104160        1.4699667669688093E-002  0.30000001188837216     
   378.99999152868986        1.4689217031573183E-002  0.30000001188820563     
   379.99999150633812        1.4678733883710359E-002  0.30000001188803782     
   380.99999148398638        1.4668218179647686E-002  0.30000001188786574     
   381.99999146163464        1.4657669872688869E-002  0.30000001188769365     
   382.99999143928289        1.4647088915891834E-002  0.30000001188752157     
   383.99999141693115        1.4636475262067275E-002  0.30000001188734948     
   384.99999139457941        1.4625828863777219E-002  0.30000001188717740     
   385.99999137222767        1.4615149673333536E-002  0.30000001188700531     
   386.99999134987593        1.4604437642796496E-002  0.30000001188683323     
   387.99999132752419        1.4593692723973236E-002  0.30000001188666114     
   388.99999130517244        1.4582914868416296E-002  0.30000001188648906     
   389.99999128282070        1.4572104027422062E-002  0.30000001188631698     
   390.99999126046896        1.4561260152029297E-002  0.30000001188614489     
   391.99999123811722        1.4550383193017508E-002  0.30000001188597281     
   392.99999121576548        1.4539473100905493E-002  0.30000001188580072     
   393.99999119341373        1.4528529825949689E-002  0.30000001188562592     
   394.99999117106199        1.4517553318142645E-002  0.30000001188544828     
   395.99999114871025        1.4506543527211375E-002  0.30000001188527065     
   396.99999112635851        1.4495500402615788E-002  0.30000001188509301     
   397.99999110400677        1.4484423893547062E-002  0.30000001188491537     
   398.99999108165503        1.4473313948925938E-002  0.30000001188473774     
   399.99999105930328        1.4462170517401179E-002  0.30000001188456010     
   400.99999103695154        1.4450993547347819E-002  0.30000001188438247     
   401.99999101459980        1.4439782986865471E-002  0.30000001188420483     
   402.99999099224806        1.4428538783776706E-002  0.30000001188402720     
   403.99999096989632        1.4417260885625281E-002  0.30000001188384956     
   404.99999094754457        1.4405949239674394E-002  0.30000001188367192     
   405.99999092519283        1.4394603792905023E-002  0.30000001188349429     
   406.99999090284109        1.4383224492014094E-002  0.30000001188331665     
   407.99999088048935        1.4371811283412706E-002  0.30000001188313574     
   408.99999085813761        1.4360364113224382E-002  0.30000001188295256     
   409.99999083578587        1.4348882927283257E-002  0.30000001188276937     
   410.99999081343412        1.4337367671132226E-002  0.30000001188258618     
   411.99999079108238        1.4325818290021117E-002  0.30000001188240299     
   412.99999076873064        1.4314234728904850E-002  0.30000001188221981     
   413.99999074637890        1.4302616932441555E-002  0.30000001188203662     
   414.99999072402716        1.4290964844990661E-002  0.30000001188185343     
   415.99999070167542        1.4279278410611057E-002  0.30000001188167025     
   416.99999067932367        1.4267557573059095E-002  0.30000001188148706     
   417.99999065697193        1.4255802275786690E-002  0.30000001188130387     
   418.99999063462019        1.4244012461939350E-002  0.30000001188112069     
   419.99999061226845        1.4232188074354186E-002  0.30000001188093750     
   420.99999058991671        1.4220329055557954E-002  0.30000001188075431     
   421.99999056756496        1.4208435347765006E-002  0.30000001188056824     
   422.99999054521322        1.4196506892875287E-002  0.30000001188037950     
   423.99999052286148        1.4184543632472284E-002  0.30000001188019076     
   424.99999050050974        1.4172545507820922E-002  0.30000001188000203     
   425.99999047815800        1.4160512459865528E-002  0.30000001187981329     
   426.99999045580626        1.4148444429227672E-002  0.30000001187962455     
   427.99999043345451        1.4136341356204120E-002  0.30000001187943581     
   428.99999041110277        1.4124203180764577E-002  0.30000001187924707     
   429.99999038875103        1.4112029842549629E-002  0.30000001187905834     
   430.99999036639929        1.4099821280868485E-002  0.30000001187886960     
   431.99999034404755        1.4087577434696817E-002  0.30000001187868086     
   432.99999032169580        1.4075298242674509E-002  0.30000001187849212     
   433.99999029934406        1.4062983643103422E-002  0.30000001187830339     
   434.99999027699232        1.4050633573945091E-002  0.30000001187811465     
   435.99999025464058        1.4038247972818496E-002  0.30000001187792441     
   436.99999023228884        1.4025826776997716E-002  0.30000001187773012     
   437.99999020993710        1.4013369923409598E-002  0.30000001187753583     
   438.99999018758535        1.4000877348631379E-002  0.30000001187734154     
   439.99999016523361        1.3988348988888370E-002  0.30000001187714725     
   440.99999014288187        1.3975784780051504E-002  0.30000001187695297     
   441.99999012053013        1.3963184657634941E-002  0.30000001187675868     
   442.99999009817839        1.3950548556793603E-002  0.30000001187656439     
   443.99999007582664        1.3937876412320707E-002  0.30000001187637010     
   444.99999005347490        1.3925168158645307E-002  0.30000001187617581     
   445.99999003112316        1.3912423729829732E-002  0.30000001187598152     
   446.99999000877142        1.3899643059567070E-002  0.30000001187578723     
   447.99998998641968        1.3886826081178614E-002  0.30000001187559294     
   448.99998996406794        1.3873972727611228E-002  0.30000001187539865     
   449.99998994171619        1.3861082931434791E-002  0.30000001187520436     
   450.99998991936445        1.3848156624839519E-002  0.30000001187500552     
   451.99998989701271        1.3835193739633300E-002  0.30000001187480568     
   452.99998987466097        1.3822194207239043E-002  0.30000001187460584     
   453.99998985230923        1.3809157958691904E-002  0.30000001187440600     
   454.99998982995749        1.3796084924636571E-002  0.30000001187420616     
   455.99998980760574        1.3782975035324505E-002  0.30000001187400632     
   456.99998978525400        1.3769828220611133E-002  0.30000001187380648     
   457.99998976290226        1.3756644409953002E-002  0.30000001187360664     
   458.99998974055052        1.3743423532404960E-002  0.30000001187340680     
   459.99998971819878        1.3730165516617258E-002  0.30000001187320696     
   460.99998969584703        1.3716870290832626E-002  0.30000001187300712     
   461.99998967349529        1.3703537782883359E-002  0.30000001187280728     
   462.99998965114355        1.3690167920188354E-002  0.30000001187260744     
   463.99998962879181        1.3676760629750087E-002  0.30000001187240760     
   464.99998960644007        1.3663315838151578E-002  0.30000001187220693     
   465.99998958408833        1.3649833471553404E-002  0.30000001187200154     
   466.99998956173658        1.3636313455690541E-002  0.30000001187179615     
   467.99998953938484        1.3622755715869251E-002  0.30000001187159075     
   468.99998951703310        1.3609160176963947E-002  0.30000001187138536     
   469.99998949468136        1.3595526763414040E-002  0.30000001187117997     
   470.99998947232962        1.3581855399220692E-002  0.30000001187097458     
   471.99998944997787        1.3568146007943553E-002  0.30000001187076919     
   472.99998942762613        1.3554398512697526E-002  0.30000001187056380     
   473.99998940527439        1.3540612836149442E-002  0.30000001187035841     
   474.99998938292265        1.3526788900514666E-002  0.30000001187015302     
   475.99998936057091        1.3512926627553776E-002  0.30000001186994762     
   476.99998933821917        1.3499025938569135E-002  0.30000001186974223     
   477.99998931586742        1.3485086754401431E-002  0.30000001186953684     
   478.99998929351568        1.3471108995426188E-002  0.30000001186933145     
   479.99998927116394        1.3457092581550248E-002  0.30000001186912467     
   480.99998924881220        1.3443037432208220E-002  0.30000001186891373     
   481.99998922646046        1.3428943466358879E-002  0.30000001186870279     
   482.99998920410872        1.3414810602481522E-002  0.30000001186849184     
   483.99998918175697        1.3400638758572328E-002  0.30000001186828090     
   484.99998915940523        1.3386427852140632E-002  0.30000001186806996     
   485.99998913705349        1.3372177800205165E-002  0.30000001186785902     
   486.99998911470175        1.3357888519290300E-002  0.30000001186764808     
   487.99998909235001        1.3343559925422200E-002  0.30000001186743713     
   488.99998906999826        1.3329191934124955E-002  0.30000001186722619     
   489.99998904764652        1.3314784460416687E-002  0.30000001186701525     
   490.99998902529478        1.3300337418805578E-002  0.30000001186680431     
   491.99998900294304        1.3285850723285928E-002  0.30000001186659336     
   492.99998898059130        1.3271324287334071E-002  0.30000001186638242     
   493.99998895823956        1.3256758023904339E-002  0.30000001186617148     
   494.99998893588781        1.3242151845424885E-002  0.30000001186595998     
   495.99998891353607        1.3227505663793590E-002  0.30000001186574349     
   496.99998889118433        1.3212819390373828E-002  0.30000001186552699     
   497.99998886883259        1.3198092935990172E-002  0.30000001186531050     
   498.99998884648085        1.3183326210924176E-002  0.30000001186509401     
   499.99998882412910        1.3168519124909973E-002  0.30000001186487751     
   500.99998880177736        1.3153671587129889E-002  0.30000001186466102     
   501.99998877942562        1.3138783506210019E-002  0.30000001186444453     
   502.99998875707388        1.3123854790215706E-002  0.30000001186422803     
   503.99998873472214        1.3108885346647047E-002  0.30000001186401154     
   504.99998871237040        1.3093875082434283E-002  0.30000001186379505     
   505.99998869001865        1.3078823903933175E-002  0.30000001186357855     
   506.99998866766691        1.3063731716920272E-002  0.30000001186336206     
   507.99998864531517        1.3048598426588247E-002  0.30000001186314557     
   508.99998862296343        1.3033423937541033E-002  0.30000001186292907     
   509.99998860061169        1.3018208153789023E-002  0.30000001186271258     
   510.99998857825994        1.3002950978744146E-002  0.30000001186249242     
   511.99998855590820        1.2987652315214921E-002  0.30000001186227038     
   512.99998853355646        1.2972312065401441E-002  0.30000001186204833     
   513.99998851120472        1.2956930130890332E-002  0.30000001186182629     
   514.99998848885298        1.2941506412649611E-002  0.30000001186160424     
   515.99998846650124        1.2926040811023484E-002  0.30000001186138220     
   516.99998844414949        1.2910533225727164E-002  0.30000001186116015     
   517.99998842179775        1.2894983555841535E-002  0.30000001186093811     
   518.99998839944601        1.2879391699807783E-002  0.30000001186071606     
   519.99998837709427        1.2863757555422040E-002  0.30000001186049402     
   520.99998835474253        1.2848081019829810E-002  0.30000001186027198     
   521.99998833239079        1.2832361989520506E-002  0.30000001186004993     
   522.99998831003904        1.2816600360321811E-002  0.30000001185982789     
   523.99998828768730        1.2800796027394009E-002  0.30000001185960584     
   524.99998826533556        1.2784948885224249E-002  0.30000001185938380     
   525.99998824298382        1.2769058827620765E-002  0.30000001185916175     
   526.99998822063208        1.2753125747706956E-002  0.30000001185893460     
   527.99998819828033        1.2737149537915503E-002  0.30000001185870701     
   528.99998817592859        1.2721130089982328E-002  0.30000001185847941     
   529.99998815357685        1.2705067294940533E-002  0.30000001185825181     
   530.99998813122511        1.2688961043114252E-002  0.30000001185802422     
   531.99998810887337        1.2672811224112427E-002  0.30000001185779662     
   532.99998808652163        1.2656617726822495E-002  0.30000001185756903     
   533.99998806416988        1.2640380439404063E-002  0.30000001185734143     
   534.99998804181814        1.2624099249282447E-002  0.30000001185711384     
   535.99998801946640        1.2607774043142115E-002  0.30000001185688624     
   536.99998799711466        1.2591404706920160E-002  0.30000001185665864     
   537.99998797476292        1.2574991125799571E-002  0.30000001185643105     
   538.99998795241117        1.2558533184202501E-002  0.30000001185620345     
   539.99998793005943        1.2542030765783444E-002  0.30000001185597586     
   540.99998790770769        1.2525483753422250E-002  0.30000001185574826     
   541.99998788535595        1.2508892029217223E-002  0.30000001185552067     
   542.99998786300421        1.2492255474477947E-002  0.30000001185528846     
   543.99998784065247        1.2475573969718167E-002  0.30000001185505532     
   544.99998781830072        1.2458847394648517E-002  0.30000001185482217     
   545.99998779594898        1.2442075628169125E-002  0.30000001185458902     
   546.99998777359724        1.2425258548362274E-002  0.30000001185435587     
   547.99998775124550        1.2408396032484798E-002  0.30000001185412273     
   548.99998772889376        1.2391487956960467E-002  0.30000001185388958     
   549.99998770654202        1.2374534197372266E-002  0.30000001185365643     
   550.99998768419027        1.2357534628454616E-002  0.30000001185342329     
   551.99998766183853        1.2340489124085448E-002  0.30000001185319014     
   552.99998763948679        1.2323397557278206E-002  0.30000001185295699     
   553.99998761713505        1.2306259800173708E-002  0.30000001185272385     
   554.99998759478331        1.2289075724031975E-002  0.30000001185249070     
   555.99998757243156        1.2271845199223891E-002  0.30000001185225755     
   556.99998755007982        1.2254568095222839E-002  0.30000001185202441     
   557.99998752772808        1.2237244280596108E-002  0.30000001185179126     
   558.99998750537634        1.2219873622996294E-002  0.30000001185155611     
   559.99998748302460        1.2202455989152580E-002  0.30000001185131742     
   560.99998746067286        1.2184991244861850E-002  0.30000001185107872     
   561.99998743832111        1.2167479254979767E-002  0.30000001185084002     
   562.99998741596937        1.2149919883411655E-002  0.30000001185060132     
   563.99998739361763        1.2132312993103314E-002  0.30000001185036262     
   564.99998737126589        1.2114658446031738E-002  0.30000001185012393     
   565.99998734891415        1.2096956103195623E-002  0.30000001184988523     
   566.99998732656240        1.2079205824605843E-002  0.30000001184964653     
   567.99998730421066        1.2061407469275783E-002  0.30000001184940783     
   568.99998728185892        1.2043560895211500E-002  0.30000001184916913     
   569.99998725950718        1.2025665959401827E-002  0.30000001184893044     
   570.99998723715544        1.2007722517808265E-002  0.30000001184869174     
   571.99998721480370        1.1989730425354818E-002  0.30000001184845304     
   572.99998719245195        1.1971689535917599E-002  0.30000001184821434     
   573.99998717010021        1.1953599702314461E-002  0.30000001184797565     
   574.99998714774847        1.1935460776294300E-002  0.30000001184773695     
   575.99998712539673        1.1917272608526338E-002  0.30000001184749564     
   576.99998710304499        1.1899035048589237E-002  0.30000001184725139     
   577.99998708069324        1.1880747944960041E-002  0.30000001184700714     
   578.99998705834150        1.1862411145003002E-002  0.30000001184676289     
   579.99998703598976        1.1844024494958222E-002  0.30000001184651864     
   580.99998701363802        1.1825587839930171E-002  0.30000001184627439     
   581.99998699128628        1.1807101023876033E-002  0.30000001184603015     
   582.99998696893454        1.1788563889593902E-002  0.30000001184578590     
   583.99998694658279        1.1769976278710808E-002  0.30000001184554165     
   584.99998692423105        1.1751338031670597E-002  0.30000001184529740     
   585.99998690187931        1.1732648987721601E-002  0.30000001184505315     
   586.99998687952757        1.1713908984904183E-002  0.30000001184480890     
   587.99998685717583        1.1695117860038106E-002  0.30000001184456465     
   588.99998683482409        1.1676275448709712E-002  0.30000001184432040     
   589.99998681247234        1.1657381585258879E-002  0.30000001184407615     
   590.99998679012060        1.1638436102765911E-002  0.30000001184383190     
   591.99998676776886        1.1619438833038126E-002  0.30000001184358766     
   592.99998674541712        1.1600389606596304E-002  0.30000001184334291     
   593.99998672306538        1.1581288252660988E-002  0.30000001184309311     
   594.99998670071363        1.1562134599138489E-002  0.30000001184284331     
   595.99998667836189        1.1542928472606788E-002  0.30000001184259351     
   596.99998665601015        1.1523669698301178E-002  0.30000001184234371     
   597.99998663365841        1.1504358100099692E-002  0.30000001184209391     
   598.99998661130667        1.1484993500508479E-002  0.30000001184184411     
   599.99998658895493        1.1465575720646657E-002  0.30000001184159431     
   600.99998656660318        1.1446104580231251E-002  0.30000001184134450     
   601.99998654425144        1.1426579897561776E-002  0.30000001184109470     
   602.99998652189970        1.1407001489504591E-002  0.30000001184084490     
   603.99998649954796        1.1387369171477032E-002  0.30000001184059510     
   604.99998647719622        1.1367682757431365E-002  0.30000001184034530     
   605.99998645484447        1.1347942059838448E-002  0.30000001184009550     
   606.99998643249273        1.1328146889671160E-002  0.30000001183984570     
   607.99998641014099        1.1308297056387605E-002  0.30000001183959590     
   608.99998638778925        1.1288392367914048E-002  0.30000001183934610     
   609.99998636543751        1.1268432630627578E-002  0.30000001183909630     
   610.99998634308577        1.1248417649338585E-002  0.30000001183884556     
   611.99998632073402        1.1228347227272921E-002  0.30000001183859021     
   612.99998629838228        1.1208221166053727E-002  0.30000001183833486     
   613.99998627603054        1.1188039265683146E-002  0.30000001183807951     
   614.99998625367880        1.1167801324523607E-002  0.30000001183782415     
   615.99998623132706        1.1147507139278909E-002  0.30000001183756880     
   616.99998620897532        1.1127156504974995E-002  0.30000001183731345     
   617.99998618662357        1.1106749214940414E-002  0.30000001183705810     
   618.99998616427183        1.1086285060786502E-002  0.30000001183680275     
   619.99998614192009        1.1065763832387235E-002  0.30000001183654740     
   620.99998611956835        1.1045185317858820E-002  0.30000001183629205     
   621.99998609721661        1.1024549303538925E-002  0.30000001183603670     
   622.99998607486486        1.1003855573965559E-002  0.30000001183578134     
   623.99998605251312        1.0983103911855694E-002  0.30000001183552599     
   624.99998603016138        1.0962294098083471E-002  0.30000001183527064     
   625.99998600780964        1.0941425911658179E-002  0.30000001183501529     
   626.99998598545790        1.0920499129701718E-002  0.30000001183475994     
   627.99998596310616        1.0899513527425863E-002  0.30000001183450459     
   628.99998594075441        1.0878468878109058E-002  0.30000001183424924     
   629.99998591840267        1.0857364953072886E-002  0.30000001183399050     
   630.99998589605093        1.0836201521658156E-002  0.30000001183372960     
   631.99998587369919        1.0814978351200598E-002  0.30000001183346869     
   632.99998585134745        1.0793695207006177E-002  0.30000001183320779     
   633.99998582899570        1.0772351852325975E-002  0.30000001183294689     
   634.99998580664396        1.0750948048330671E-002  0.30000001183268599     
   635.99998578429222        1.0729483554084653E-002  0.30000001183242508     
   636.99998576194048        1.0707958126519616E-002  0.30000001183216418     
   637.99998573958874        1.0686371520407818E-002  0.30000001183190328     
   638.99998571723700        1.0664723488334795E-002  0.30000001183164238     
   639.99998569488525        1.0643013780671742E-002  0.30000001183138147     
   640.99998567253351        1.0621242145547280E-002  0.30000001183112057     
   641.99998565018177        1.0599408328818886E-002  0.30000001183085967     
   642.99998562783003        1.0577512074043772E-002  0.30000001183059877     
   643.99998560547829        1.0555553122449299E-002  0.30000001183033786     
   644.99998558312654        1.0533531212902852E-002  0.30000001183007696     
   645.99998556077480        1.0511446081881244E-002  0.30000001182981606     
   646.99998553842306        1.0489297463439577E-002  0.30000001182955516     
   647.99998551607132        1.0467085089179559E-002  0.30000001182929426     
   648.99998549371958        1.0444808688217296E-002  0.30000001182903163     
   649.99998547136784        1.0422467987150505E-002  0.30000001182876518     
   650.99998544901609        1.0400062710025177E-002  0.30000001182849872     
   651.99998542666435        1.0377592578301609E-002  0.30000001182823227     
   652.99998540431261        1.0355057310819930E-002  0.30000001182796582     
   653.99998538196087        1.0332456623764922E-002  0.30000001182769936     
   654.99998535960913        1.0309790230630302E-002  0.30000001182743291     
   655.99998533725739        1.0287057842182279E-002  0.30000001182716646     
   656.99998531490564        1.0264259166422580E-002  0.30000001182690000     
   657.99998529255390        1.0241393908550700E-002  0.30000001182663355     
   658.99998527020216        1.0218461770925516E-002  0.30000001182636710     
   659.99998524785042        1.0195462453026235E-002  0.30000001182610064     
   660.99998522549868        1.0172395651412586E-002  0.30000001182583419     
   661.99998520314693        1.0149261059684354E-002  0.30000001182556774     
   662.99998518079519        1.0126058368440084E-002  0.30000001182530128     
   663.99998515844345        1.0102787265235095E-002  0.30000001182503483     
   664.99998513609171        1.0079447434538678E-002  0.30000001182476838     
   665.99998511373997        1.0056038557690548E-002  0.30000001182450192     
   666.99998509138823        1.0032560312856422E-002  0.30000001182423547     
   667.99998506903648        1.0009012374982845E-002  0.30000001182396902     
   668.99998504668474        9.9853944157510741E-003  0.30000001182370190     
   669.99998502433300        9.9617061035301799E-003  0.30000001182342989     
   670.99998500198126        9.9379471033292071E-003  0.30000001182315789     
   671.99998497962952        9.9141170767484410E-003  0.30000001182288588     
   672.99998495727777        9.8902156819297461E-003  0.30000001182261388     
   673.99998493492603        9.8662425735059293E-003  0.30000001182234187     
   674.99998491257429        9.8421974025491524E-003  0.30000001182206987     
   675.99998489022255        9.8180798165183446E-003  0.30000001182179786     
   676.99998486787081        9.7938894592055764E-003  0.30000001182152586     
   677.99998484551907        9.7696259706813865E-003  0.30000001182125385     
   678.99998482316732        9.7452889872390383E-003  0.30000001182098185     
   679.99998480081558        9.7208781413376747E-003  0.30000001182070984     
   680.99998477846384        9.6963930615443610E-003  0.30000001182043784     
   681.99998475611210        9.6718333724749549E-003  0.30000001182016584     
   682.99998473376036        9.6471986947337784E-003  0.30000001181989383     
   683.99998471140862        9.6224886448521268E-003  0.30000001181962183     
   684.99998468905687        9.5977028352254804E-003  0.30000001181934982     
   685.99998466670513        9.5728408740494760E-003  0.30000001181907782     
   686.99998464435339        9.5479023652545805E-003  0.30000001181880581     
   687.99998462200165        9.5228869084393909E-003  0.30000001181853381     
   688.99998459964991        9.4977940988025377E-003  0.30000001181826180     
   689.99998457729816        9.4726235270733081E-003  0.30000001181798980     
   690.99998455494642        9.4473747794406784E-003  0.30000001181771313     
   691.99998453259468        9.4220474374809033E-003  0.30000001181743557     
   692.99998451024294        9.3966410780836618E-003  0.30000001181715802     
   693.99998448789120        9.3711552733765600E-003  0.30000001181688046     
   694.99998446553946        9.3455895906480423E-003  0.30000001181660291     
   695.99998444318771        9.3199435922686879E-003  0.30000001181632535     
   696.99998442083597        9.2942168356108176E-003  0.30000001181604780     
   697.99998439848423        9.2684088729663733E-003  0.30000001181577024     
   698.99998437613249        9.2425192514629714E-003  0.30000001181549268     
   699.99998435378075        9.2165475129782157E-003  0.30000001181521513     
   700.99998433142900        9.1904931940520428E-003  0.30000001181493757     
   701.99998430907726        9.1643558257972282E-003  0.30000001181466002     
   702.99998428672552        9.1381349338078201E-003  0.30000001181438246     
   703.99998426437378        9.1118300380656821E-003  0.30000001181410491     
   704.99998424202204        9.0854406528447854E-003  0.30000001181382735     
   705.99998421967030        9.0589662866134794E-003  0.30000001181354979     
   706.99998419731855        9.0324064419344870E-003  0.30000001181327224     
   707.99998417496681        9.0057606153626565E-003  0.30000001181299468     
   708.99998415261507        8.9790282973404092E-003  0.30000001181271713     
   709.99998413026333        8.9522089720907427E-003  0.30000001181243957     
   710.99998410791159        8.9253021175077583E-003  0.30000001181216202     
   711.99998408555984        8.8983072050447705E-003  0.30000001181188446     
   712.99998406320810        8.8712236995996344E-003  0.30000001181160574     
   713.99998404085636        8.8440510593975185E-003  0.30000001181132263     
   714.99998401850462        8.8167887358708893E-003  0.30000001181103952     
   715.99998399615288        8.7894361735366047E-003  0.30000001181075642     
   716.99998397380114        8.7619928098701463E-003  0.30000001181047331     
   717.99998395144939        8.7344580751767924E-003  0.30000001181019020     
   718.99998392909765        8.7068313924596949E-003  0.30000001180990710     
   719.99998390674591        8.6791121772848111E-003  0.30000001180962399     
   720.99998388439417        8.6512998376424427E-003  0.30000001180934088     
   721.99998386204243        8.6233937738055180E-003  0.30000001180905778     
   722.99998383969069        8.5953933781842563E-003  0.30000001180877467     
   723.99998381733894        8.5672980351773238E-003  0.30000001180849156     
   724.99998379498720        8.5391071210192022E-003  0.30000001180820846     
   725.99998377263546        8.5108200036237997E-003  0.30000001180792535     
   726.99998375028372        8.4824360424240793E-003  0.30000001180764224     
   727.99998372793198        8.4539545882076073E-003  0.30000001180735913     
   728.99998370558023        8.4253749829479585E-003  0.30000001180707603     
   729.99998368322849        8.3966965596317337E-003  0.30000001180679292     
   730.99998366087675        8.3679186420811229E-003  0.30000001180650981     
   731.99998363852501        8.3390405447719036E-003  0.30000001180622671     
   732.99998361617327        8.3100615726466043E-003  0.30000001180594360     
   733.99998359382153        8.2809810209227962E-003  0.30000001180566049     
   734.99998357146978        8.2517981748963468E-003  0.30000001180537739     
   735.99998354911804        8.2225123097393448E-003  0.30000001180509428     
   736.99998352676630        8.1931226902926674E-003  0.30000001180481117     
   737.99998350441456        8.1636285708529682E-003  0.30000001180452374     
   738.99998348206282        8.1340291949537954E-003  0.30000001180423508     
   739.99998345971107        8.1043237951408439E-003  0.30000001180394642     
   740.99998343735933        8.0745115927409791E-003  0.30000001180365776     
   741.99998341500759        8.0445917976248067E-003  0.30000001180336910     
   742.99998339265585        8.0145636079627311E-003  0.30000001180308045     
   743.99998337030411        7.9844262099741381E-003  0.30000001180279179     
   744.99998334795237        7.9541787776694333E-003  0.30000001180250313     
   745.99998332560062        7.9238204725848704E-003  0.30000001180221447     
   746.99998330324888        7.8933504435097206E-003  0.30000001180192581     
   747.99998328089714        7.8627678262055880E-003  0.30000001180163716     
   748.99998325854540        7.8320717431175878E-003  0.30000001180134850     
   749.99998323619366        7.8012613030771696E-003  0.30000001180105984     
   750.99998321384192        7.7703356009960669E-003  0.30000001180077118     
   751.99998319149017        7.7392937175513382E-003  0.30000001180048252     
   752.99998316913843        7.7081347188609310E-003  0.30000001180019387     
   753.99998314678669        7.6768576561495319E-003  0.30000001179990521     
   754.99998312443495        7.6454615654043215E-003  0.30000001179961655     
   755.99998310208321        7.6139454670202771E-003  0.30000001179932789     
   756.99998307973146        7.5823083654345700E-003  0.30000001179903923     
   757.99998305737972        7.5505492487496937E-003  0.30000001179875058     
   758.99998303502798        7.5186670883448511E-003  0.30000001179846192     
   759.99998301267624        7.4866608384752120E-003  0.30000001179817326     
   760.99998299032450        7.4545294358584801E-003  0.30000001179788460     
   761.99998296797276        7.4222717992483388E-003  0.30000001179759594     
   762.99998294562101        7.3898868289942491E-003  0.30000001179730729     
   763.99998292326927        7.3573734065869910E-003  0.30000001179701863     
   764.99998290091753        7.3247303941894821E-003  0.30000001179672531     
   765.99998287856579        7.2919566341522156E-003  0.30000001179643110     
   766.99998285621405        7.2590509485126586E-003  0.30000001179613689     
   767.99998283386230        7.2260121384780333E-003  0.30000001179584268     
   768.99998281151056        7.1928389838907519E-003  0.30000001179554847     
   769.99998278915882        7.1595302426757631E-003  0.30000001179525426     
   770.99998276680708        7.1260846502690612E-003  0.30000001179496005     
   771.99998274445534        7.0925009190266237E-003  0.30000001179466584     
   772.99998272210360        7.0587777376128116E-003  0.30000001179437163     
   773.99998269975185        7.0249137703674832E-003  0.30000001179407743     
   774.99998267740011        6.9909076566508077E-003  0.30000001179378322     
   775.99998265504837        6.9567580101648130E-003  0.30000001179348901     
   776.99998263269663        6.9224634182507051E-003  0.30000001179319480     
   777.99998261034489        6.8880224411608081E-003  0.30000001179290059     
   778.99998258799314        6.8534336113040117E-003  0.30000001179260638     
   779.99998256564140        6.8186954324635195E-003  0.30000001179231217     
   780.99998254328966        6.7838063789856578E-003  0.30000001179201796     
   781.99998252093792        6.7487648949383829E-003  0.30000001179172375     
   782.99998249858618        6.7135693932381018E-003  0.30000001179142954     
   783.99998247623444        6.6782182547432851E-003  0.30000001179113533     
   784.99998245388269        6.6427098273133516E-003  0.30000001179084113     
   785.99998243153095        6.6070424248311412E-003  0.30000001179054692     
   786.99998240917921        6.5712143261871907E-003  0.30000001179025271     
   787.99998238682747        6.5352237742240266E-003  0.30000001178995850     
   788.99998236447573        6.4990689746384457E-003  0.30000001178966429     
   789.99998234212399        6.4627480948397436E-003  0.30000001178937008     
   790.99998231977224        6.4262592627616858E-003  0.30000001178907587     
   791.99998229742050        6.3896005656258574E-003  0.30000001178878166     
   792.99998227506876        6.3527700486539660E-003  0.30000001178848745     
   793.99998225271702        6.3157657137264045E-003  0.30000001178819324     
   794.99998223036528        6.2785855179843548E-003  0.30000001178789903     
   795.99998220801353        6.2412273723724179E-003  0.30000001178759939     
   796.99998218566179        6.2036891401186286E-003  0.30000001178729963     
   797.99998216331005        6.1659686351485284E-003  0.30000001178699987     
   798.99998214095831        6.1280636204297176E-003  0.30000001178670010     
   799.99998211860657        6.0899718062430467E-003  0.30000001178640034     
   800.99998209625483        6.0516908483764977E-003  0.30000001178610058     
   801.99998207390308        6.0132183462373243E-003  0.30000001178580082     
   802.99998205155134        5.9745518408779305E-003  0.30000001178550106     
   803.99998202919960        5.9356888129305273E-003  0.30000001178520130     
   804.99998200684786        5.8966266804453601E-003  0.30000001178490154     
   805.99998198449612        5.8573627966268145E-003  0.30000001178460178     
   806.99998196214437        5.8178944474614365E-003  0.30000001178430202     
   807.99998193979263        5.7782188492314750E-003  0.30000001178400226     
   808.99998191744089        5.7383331459069540E-003  0.30000001178370250     
   809.99998189508915        5.6982344064089334E-003  0.30000001178340274     
   810.99998187273741        5.6579196217360246E-003  0.30000001178310298     
   811.99998185038567        5.6173857019456187E-003  0.30000001178280322     
   812.99998182803392        5.5766294729806647E-003  0.30000001178250346     
   813.99998180568218        5.5356476733321152E-003  0.30000001178220370     
   814.99998178333044        5.4944369505264806E-003  0.30000001178190394     
   815.99998176097870        5.4529938574269530E-003  0.30000001178160418     
   816.99998173862696        5.4113148483358499E-003  0.30000001178130442     
   817.99998171627522        5.3693962748849527E-003  0.30000001178100466     
   818.99998169392347        5.3272343816994213E-003  0.30000001178070490     
   819.99998167157173        5.2848253018196144E-003  0.30000001178040514     
   820.99998164921999        5.2421650518639801E-003  0.30000001178010538     
   821.99998162686825        5.1992495269147163E-003  0.30000001177980562     
   822.99998160451651        5.1560744951063484E-003  0.30000001177950586     
   823.99998158216476        5.1126355918955793E-003  0.30000001177920610     
   824.99998155981302        5.0689283139890825E-003  0.30000001177890634     
   825.99998153746128        5.0249480129035849E-003  0.30000001177860658     
   826.99998151510954        4.9806898881304476E-003  0.30000001177830682     
   827.99998149275780        4.9361489798743783E-003  0.30000001177800706     
   828.99998147040606        4.8913201613330183E-003  0.30000001177770730     
   829.99998144805431        4.8461981304811297E-003  0.30000001177740754     
   830.99998142570257        4.8007774013196086E-003  0.30000001177710778     
   831.99998140335083        4.7550522945456431E-003  0.30000001177680802     
   832.99998138099909        4.7090169275960780E-003  0.30000001177650826     
   833.99998135864735        4.6626652040112973E-003  0.30000001177620600     
   834.99998133629560        4.6159908020614619E-003  0.30000001177590069     
   835.99998131394386        4.5689871625710443E-003  0.30000001177559538     
   836.99998129159212        4.5216474758708854E-003  0.30000001177529007     
   837.99998126924038        4.4739646677992625E-003  0.30000001177498475     
   838.99998124688864        4.4259313846651913E-003  0.30000001177467944     
   839.99998122453690        4.3775399770773641E-003  0.30000001177437413     
   840.99998120218515        4.3287824825314234E-003  0.30000001177406882     
   841.99998117983341        4.2796506066358417E-003  0.30000001177376351     
   842.99998115748167        4.2301357028428407E-003  0.30000001177345820     
   843.99998113512993        4.1802287505348203E-003  0.30000001177315289     
   844.99998111277819        4.1299203312986574E-003  0.30000001177284757     
   845.99998109042645        4.0792006031995631E-003  0.30000001177254226     
   846.99998106807470        4.0280592728424410E-003  0.30000001177223695     
   847.99998104572296        3.9764855649814679E-003  0.30000001177193164     
   848.99998102337122        3.9244681894070876E-003  0.30000001177162633     
   849.99998100101948        3.8719953048035015E-003  0.30000001177132102     
   850.99998097866774        3.8190544792275861E-003  0.30000001177101571     
   851.99998095631599        3.7656326468113168E-003  0.30000001177071040     
   852.99998093396425        3.7117160602328663E-003  0.30000001177040508     
   853.99998091161251        3.6572902384349095E-003  0.30000001177009977     
   854.99998088926077        3.6023399089904072E-003  0.30000001176979446     
   855.99998086690903        3.5468489444241721E-003  0.30000001176948915     
   856.99998084455729        3.4908002916894270E-003  0.30000001176918384     
   857.99998082220554        3.4341758938694149E-003  0.30000001176887853     
   858.99998079985380        3.3769566030199647E-003  0.30000001176857322     
   859.99998077750206        3.3191220828844440E-003  0.30000001176826790     
   860.99998075515032        3.2606506999906157E-003  0.30000001176796259     
   861.99998073279858        3.2015194013708791E-003  0.30000001176765728     
   862.99998071044683        3.1417035768217107E-003  0.30000001176735197     
   863.99998068809509        3.0811769032205710E-003  0.30000001176704666     
   864.99998066574335        3.0199111679303486E-003  0.30000001176674135     
   865.99998064339161        2.9578760677184254E-003  0.30000001176643604     
   866.99998062103987        2.8950389788678942E-003  0.30000001176613073     
   867.99998059868813        2.8313646932204401E-003  0.30000001176582541     
   868.99998057633638        2.7668151137082565E-003  0.30000001176552010     
   869.99998055398464        2.7013489014309352E-003  0.30000001176521479     
   870.99998053163290        2.6349210644111150E-003  0.30000001176490948     
   871.99998050928116        2.5674824756801080E-003  0.30000001176460417     
   872.99998048692942        2.4989793051083931E-003  0.30000001176429886     
   873.99998046457767        2.4293523451344658E-003  0.30000001176399355     
   874.99998044222593        2.3585362048729012E-003  0.30000001176368823     
   875.99998041987419        2.2864583394423899E-003  0.30000001176338292     
   876.99998039752245        2.2130378709323138E-003  0.30000001176307761     
   877.99998037517071        2.1381841430100066E-003  0.30000001176277230     
   878.99998035281897        2.0617949309232960E-003  0.30000001176246699     
   879.99998033046722        1.9837541997357209E-003  0.30000001176216168     
   880.99998030811548        1.9039292615610096E-003  0.30000001176185637     
   881.99998028576374        1.8221671200838903E-003  0.30000001176155106     
   882.99998026341200        1.7382896957070023E-003  0.30000001176124574     
   883.99998024106026        1.6520874765911069E-003  0.30000001176094043     
   884.99998021870852        1.5633109030449494E-003  0.30000001176063512     
   885.99998019635677        1.4716583977089828E-003  0.30000001176032981     
   886.99998017400503        1.3767592717678437E-003  0.30000001176002450     
   887.99998015165329        1.2781485041117270E-003  0.30000001175971919     
   888.99998012930155        1.1752280360641586E-003  0.30000001175941388     
   889.99998010694981        1.0672044233894537E-003  0.30000001175910856     
   890.99998008459806        9.5298206014139426E-004  0.30000001175880325     
   891.99998006224632        8.3096505369633993E-004  0.30000001175849794     
   892.99998003989458        6.9864680769800834E-004  0.30000001175819263     
   893.99998001754284        5.5160955737019730E-004  0.30000001175788732     
   894.99997999519110        3.8031704701759703E-004  0.30000001175758201     
   895.99997997283936        1.5043073742536983E-004  0.30000001175727670     
   896.99997995048761       -1.1692042527377788       0.30000001175697139     
   897.99997992813587       -2.9142853535809277       0.30000001175666607     
   898.99997990578413       -4.6593664544250988       0.30000001175636076     
   899.99997988343239       -6.4044475552696190       0.30000001175605545     
   900.99997986108065       -8.1495286561143203       0.30000001175575014     
   901.99997983872890       -9.8946097569591345       0.30000001175544483     
   902.99997981637716       -11.639690857803963       0.30000001175513952     
   903.99997979402542       -13.384771958648955       0.30000001175483421     
   904.99997977167368       -15.129853059493946       0.30000001175452889     
   905.99997974932194       -16.874934160339027       0.30000001175422358     
   906.99997972697020       -18.620015261184196       0.30000001175391827     
   907.99997970461845       -20.365096362029366       0.30000001175361296     
   908.99997968226671       -22.110177462874535       0.30000001175330765     
   909.99997965991497       -23.855258563719705       0.30000001175300234     
   910.99997963756323       -25.600339664564874       0.30000001175269703     
   911.99997961521149       -27.345420765410044       0.30000001175239172     
   912.99997959285975       -29.090501866255213       0.30000001175208640     
   913.99997957050800       -30.835582967100382       0.30000001175178109     
   914.99997954815626       -32.580664067945548       0.30000001175147578     
   915.99997952580452       -34.325745168790718       0.30000001175117047     
   916.99997950345278       -36.070826269635887       0.30000001175086516     
   917.99997948110104       -37.815907370481057       0.30000001175055985     
   918.99997945874929       -39.560988471326226       0.30000001175025454     
   919.99997943639755       -41.306069572171396       0.30000001174994922     
   920.99997941404581       -43.051150673016565       0.30000001174964391     
   921.99997939169407       -44.796231773861734       0.30000001174933860     
   922.99997936934233       -46.541312874706904       0.30000001174903329     
   923.99997934699059       -48.286393975552073       0.30000001174872798     
   924.99997932463884       -50.031475076397243       0.30000001174842267     
   925.99997930228710       -51.776556177242412       0.30000001174811736     
   926.99997927993536       -53.521637278087582       0.30000001174781205     
   927.99997925758362       -55.266718378932751       0.30000001174750673     
   928.99997923523188       -57.011799479777920       0.30000001174720142     
   929.99997921288013       -58.756880580623090       0.30000001174689611     
   930.99997919052839       -60.501961681468259       0.30000001174659080     
   931.99997916817665       -62.247042782313429       0.30000001174628549     
   932.99997914582491       -63.992123883158598       0.30000001174598018     
   933.99997912347317       -65.737204984003057       0.30000001174567487     
   934.99997910112143       -67.482286084847516       0.30000001174536955     
   935.99997907876968       -69.227367185691975       0.30000001174506424     
   936.99997905641794       -70.972448286536434       0.30000001174475893     
   937.99997903406620       -72.717529387380893       0.30000001174445362     
   938.99997901171446       -74.462610488225351       0.30000001174414831     
   939.99997898936272       -76.207691589069810       0.30000001174384300     
   940.99997896701097       -77.952772689914269       0.30000001174353769     
   941.99997894465923       -79.697853790758728       0.30000001174323238     
   942.99997892230749       -81.442934891603187       0.30000001174292706     
   943.99997889995575       -83.188015992447646       0.30000001174262175     
   944.99997887760401       -84.933097093292105       0.30000001174231644     
   945.99997885525227       -86.678178194136564       0.30000001174201113     
   946.99997883290052       -88.423259294981023       0.30000001174170582     
   947.99997881054878       -90.168340395825481       0.30000001174140051     
   948.99997878819704       -91.913421496669940       0.30000001174109520     
   949.99997876584530       -93.658502597514399       0.30000001174078988     
   950.99997874349356       -95.403583698358858       0.30000001174048457     
   951.99997872114182       -97.148664799203317       0.30000001174017926     
   952.99997869879007       -98.893745900047776       0.30000001173987395     
   953.99997867643833       -100.63882700089223       0.30000001173956864     
   954.99997865408659       -102.38390810173669       0.30000001173926333     
   955.99997863173485       -104.12898920258115       0.30000001173895802     
   956.99997860938311       -105.87407030342561       0.30000001173865271     
   957.99997858703136       -107.61915140427007       0.30000001173834739     
   958.99997856467962       -109.36423250511453       0.30000001173804208     
   959.99997854232788       -111.10931360595899       0.30000001173773677     
   960.99997851997614       -112.85439470680345       0.30000001173743146     
   961.99997849762440       -114.59947580764791       0.30000001173712615     
   962.99997847527266       -116.34455690849236       0.30000001173682084     
   963.99997845292091       -118.08963800933682       0.30000001173651553     
   964.99997843056917       -119.83471911018128       0.30000001173621021     
   965.99997840821743       -121.57980021102574       0.30000001173590490     
   966.99997838586569       -123.32488131187020       0.30000001173559959     
   967.99997836351395       -125.06996241271466       0.30000001173529428     
   968.99997834116220       -126.81504351355912       0.30000001173498897     
   969.99997831881046       -128.56012461440358       0.30000001173468366     
   970.99997829645872       -130.30520571524804       0.30000001173437835     
   971.99997827410698       -132.05028681609249       0.30000001173407304     
   972.99997825175524       -133.79536791693695       0.30000001173376772     
   973.99997822940350       -135.54044901778141       0.30000001173346241     
   974.99997820705175       -137.28553011862587       0.30000001173315710     
   975.99997818470001       -139.03061121947033       0.30000001173285179     
   976.99997816234827       -140.77569232031479       0.30000001173254648     
   977.99997813999653       -142.52077342115925       0.30000001173224117     
   978.99997811764479       -144.26585452200371       0.30000001173193586     
   979.99997809529305       -146.01093562284817       0.30000001173163054     
   980.99997807294130       -147.75601672369262       0.30000001173132523     
   981.99997805058956       -149.50109782453708       0.30000001173101992     
   982.99997802823782       -151.24617892538154       0.30000001173071461     
   983.99997800588608       -152.99126002622600       0.30000001173040930     
   984.99997798353434       -154.73634112707046       0.30000001173010399     
   985.99997796118259       -156.48142222791492       0.30000001172979868     
   986.99997793883085       -158.22650332875938       0.30000001172949337     
   987.99997791647911       -159.97158442960384       0.30000001172918805     
   988.99997789412737       -161.71666553044830       0.30000001172888274     
   989.99997787177563       -163.46174663129275       0.30000001172857743     
   990.99997784942389       -165.20682773213721       0.30000001172827212     
   991.99997782707214       -166.95190883298167       0.30000001172796681     
   992.99997780472040       -168.69698993382613       0.30000001172766150     
   993.99997778236866       -170.44207103467059       0.30000001172735619     
   994.99997776001692       -172.18715213551505       0.30000001172705087     
   995.99997773766518       -173.93223323635951       0.30000001172674556     
   996.99997771531343       -175.67731433720397       0.30000001172644025     
   997.99997769296169       -177.42239543804843       0.30000001172613494     
   998.99997767060995       -179.16747653889288       0.30000001172582963     
   999.99997764825821       -180.91255763973734       0.30000001172552432     
