   0.0000000000000000        1.6592507804370448E-002  0.30000001192092896     
   800.00001192092896        3.9425055168073105E-002  0.30000001174089580     
   1600.0000238418579        5.8795077229647101E-002  0.30000001075380189     
   2400.0000357627869        7.6790518483434156E-002  0.30000000842316277     
   3200.0000476837158        9.4002602993117051E-002  0.30000000414826955     
   4000.0000596046448       0.11069778805552355       0.29999999724397186     
   4800.0000715255737       0.12702235473762064       0.29999998692345192     
   5600.0000834465027       0.14306638623619100       0.29999997228027842     
   6400.0000953674316       0.15888975838426497       0.29999995226844617     
   7200.0001072883606       0.17453450993844191       0.29999992567958783     
   8000.0001192092896       0.19003140349598149       0.29999989111662373     
   8800.0001311302185       0.20540369278688039       0.29999984696312404     
   9600.0001430511475       0.22066942194005684       0.29999979134748561     
   10400.000154972076       0.23584289850494353       0.29999972210093373     
   11200.000166893005       0.25093567521409926       0.29999963670814445     
   12000.000178813934       0.26595722623024454       0.29999953224903203     
   12800.000190734863       0.28091542612261128       0.29999940532995195     
   13600.000202655792       0.29581689734293143       0.29999925200220140     
   14400.000214576721       0.31066726761082730       0.29999906766522261     
   15200.000226497650       0.32547136409401756       0.29999884695134327     
   16000.000238418579       0.34023336231357743       0.29999858358818682     
   16800.000250339508       0.35495690201880176       0.29999827023395481     
   17600.000262260437       0.36964517857200996       0.29999789827970458     
   18400.000274181366       0.38430101591455756       0.29999745761131130     
   19200.000286102295       0.39892692550572251       0.29999693632204200     
   20000.000298023224       0.41352515446277643       0.29999632036439644     
   20800.000309944153       0.42809772531182072       0.29999559312706126     
   21600.000321865082       0.44264646917471506       0.29999473491912448     
   22400.000333786011       0.45717305379564904       0.29999372233907401     
   23200.000345706940       0.47167900750372999       0.29999252750007549     
   24000.000357627869       0.48616573998308921       0.29999111707529175     
   24800.000369548798       0.50063456055736788       0.29998945111693176     
   25600.000381469727       0.51508669457599043       0.29998748158964789     
   26400.000393390656       0.52952329840493118       0.29998515054173919     
   27200.000405311584       0.54394547346770517       0.29998238781511061     
   28000.000417232513       0.55835427974854990       0.29997910816520684     
   28800.000429153442       0.57275074915618962       0.29997520762271074     
   29600.000441074371       0.58713589915214670       0.29997055887626195     
   30400.000452995300       0.60151074707189611       0.29996500538518078     
   31200.000464916229       0.61587632561101557       0.29995835383674380     
   32000.000476837158       0.63023370001372203       0.29995036443510525     
   32800.000488758087       0.64458398758982005       0.29994073833633256     
   33600.000500679016       0.65892838030070555       0.29992910130939227     
   34400.000512599945       0.67326817129778604       0.29991498238300923     
   35200.000524520874       0.68760478646777001       0.29989778580132515     
   36000.000536441803       0.70193982223514717       0.29987675401359842     
   36800.000548362732       0.71627509108141896       0.29985091860608543     
   37600.000560283661       0.73061267643612093       0.29981903496993084     
   38400.000572204590       0.74495499872283111       0.29977949498741596     
   39200.000584125519       0.75930489430326953       0.29973020998840516     
   40000.000596046448       0.77366570867425954       0.29966845354483268     
   40800.000607967377       0.78804140422745039       0.29959065021583720     
   41600.000619888306       0.80243668067052054       0.29949209210116201     
   42400.000631809235       0.81685710202377149       0.29936656022150698     
   43200.000643730164       0.83130921673853242       0.29920582308972360     
   44000.000655651093       0.84580064527140908       0.29899898225087612     
   44800.000667572021       0.86034009044049986       0.29873163799933228     
   45600.000679492950       0.87493719858772845       0.29838486530980024     
   46400.000691413879       0.88960216491537913       0.29793403254142198     
   47200.000703334808       0.90434494190180581       0.29734758106808806     
   48000.000715255737       0.91917389645389380       0.29658603028857228     
   48800.000727176666       0.93409381118733026       0.29560168064850056     
   49600.000739097595       0.94910329815920635       0.29433970647424296     
   50400.000751018524       0.96419203494016992       0.29274141113029439     
   51200.000762939453       0.97933868984843164       0.29075010695896070     
   52000.000774860382       0.99451072406502250       0.28831917061261120     
   52800.000786781311        1.0096670302143615       0.28542047530772791     
   53600.000798702240        1.0247633558335931       0.28205040176458401     
   54400.000810623169        1.0397590703074331       0.27823098762079534     
   55200.000822544098        1.0546230334589139       0.27400567272724002     
   56000.000834465027        1.0693367790929540       0.26943137479362889     
   56800.000846385956        1.0838945760677490       0.26456976327121584     
   57600.000858306885        1.0983011758798340       0.25948012572845208     
   58400.000870227814        1.1125685413708120       0.25421489469780062     
   59200.000882148743        1.1267126375975178       0.24881771365507976     
   60000.000894069672        1.1407508741500301       0.24332332527134146     
   60800.000905990601        1.1547003575747909       0.23775848895565246     
   61600.000917911530        1.1685768631649189       0.23214331702209329     
   62400.000929832458        1.1823943434409689       0.22649265258675150     
   63200.000941753387        1.1961647905026986       0.22081730022600113     
   64000.000953674316        1.2098983067925630       0.21512504126877283     
   64800.000965595245        1.2236032826063052       0.20942143120640541     
   65600.000977516174        1.2372866157076676       0.20371040609297952     
   66400.000989437103        1.2509539353631074       0.19799473375708465     
   67200.001001358032        1.2646098109964978       0.19227634458152543     
   68000.001013278961        1.2782579367054097       0.18655657153597718     
   68800.001025199890        1.2919012892498924       0.18083632315086379     
   69600.001037120819        1.3055422605111675       0.17511620757935950     
   70400.001049041748        1.3191827670028011       0.16939662129213526     
   71200.001060962677        1.3328243395715091       0.16367781234341316     
   72000.001072883606        1.3464681964274174       0.15795992541928944     
   72800.001084804535        1.3601153023794090       0.15224303386212781     
   73600.001096725464        1.3737664167814390       0.14652716239479088     
   74400.001108646393        1.3874221323080038       0.14081230320738891     
   75200.001120567322        1.4010829063141186       0.13509842730797253     
   76000.001132488251        1.4147490862155407       0.12938549249444894     
   76800.001144409180        1.4284209300534465       0.12367344891681439     
   77600.001156330109        1.4420986231823143       0.11796224292202957     
   78400.001168251038        1.4557822918351111       0.11225181967655042     
   79200.001180171967        1.4694720141706910       0.10654212492071416     
   80000.001192092896        1.4831678292880119       0.10083310610859771     
   80800.001204013824        1.4968697445955510        9.5124713115006684E-002
   81600.001215934753        1.5105777418474182        8.9416898639708267E-002
   82400.001227855682        1.5242917820963262        8.3709618402035918E-002
   83200.001239776611        1.5380118097645672        7.8002831192429026E-002
   84000.001251697540        1.5517377559952117        7.2296498828367015E-002
   84800.001263618469        1.5654695414143711        6.6590586048405523E-002
   85600.001275539398        1.5792070784106278        6.0885060368131072E-002
   86400.001287460327        1.5929502730175411        5.5179891914722300E-002
   87200.001299381256        1.6066990264692822        4.9475053251688439E-002
   88000.001311302185        1.6204532364863062        4.3770519201677870E-002
   88800.001323223114        1.6342127983377863        3.8066266672622306E-002
   89600.001335144043        1.6479776057189908        3.2362274490604033E-002
   90400.001347064972        1.6617475514749724        2.6658523241513667E-002
   91200.001358985901        1.6755225281963979        2.0954995122626260E-002
   92000.001370906830        1.6893024287088925        1.5251673804585289E-002
   92800.001382827759        1.7030871464735273        9.5485443038391023E-003
   93600.001394748688        1.7168765759130786        3.8455928652837957E-003
   94400.001406669617        1.7306706126762137       -1.8571931453201685E-003
   95200.001418590546        1.7444691538497528       -7.5598253397038172E-003
   96000.001430511475        1.7582720981274071       -1.3262314396823129E-002
   96800.001442432404        1.7720793459421309       -1.8964670144598798E-002
   97600.001454353333        1.7858907995679270       -2.4666901634289574E-002
   98400.001466274261        1.7997063631960919       -3.0369017208108633E-002
   99200.001478195190        1.8135259429901029       -3.6071024560664425E-002
   100000.00149011612        1.8273494471225817       -4.1772930794773219E-002
   100800.00150203705        1.8411767857973611       -4.7474742472151429E-002
   101600.00151395798        1.8550078712590883       -5.3176465659461880E-002
   102400.00152587891        1.8688426177925377       -5.8878105970143424E-002
   103200.00153779984        1.8826809417133072       -6.4579668602422577E-002
   104000.00154972076        1.8965227613515070       -7.0281158373866670E-002
   104800.00156164169        1.9103679970296679       -7.5982579752807783E-002
   105600.00157356262        1.9242165710359196       -8.1683936886933206E-002
   106400.00158548355        1.9380684075933918       -8.7385233629315009E-002
   107200.00159740448        1.9519234328266191       -9.3086473562118063E-002
   108000.00160932541        1.9657815747255503       -9.8787660018211279E-002
   108800.00162124634        1.9796427631077442      -0.10448879610087634     
   109600.00163316727        1.9935069295792665      -0.11018988470179686     
   110400.00164508820        2.0073740074945703      -0.11589092851748717     
   111200.00165700912        2.0212439319158184      -0.12159193006430755     
   112000.00166893005        2.0351166395718403      -0.12729289169219751     
   112800.00168085098        2.0489920688169665      -0.13299381559724524     
   113600.00169277191        2.0628701595899965      -0.13869470383320204     
   114400.00170469284        2.0767508533734045      -0.14439555832203113     
   115200.00171661377        2.0906340931529046      -0.15009638086359567     
   116000.00172853470        2.1045198233775948      -0.15579717314453781     
   116800.00174045563        2.1184079899206067      -0.16149793674644694     
   117600.00175237656        2.1322985400404542      -0.16719867315336309     
   118400.00176429749        2.1461914223431640      -0.17289938375868413     
   119200.00177621841        2.1600865867450465      -0.17860006987152025     
   120000.00178813934        2.1739839844364228      -0.18430073272255279     
   120800.00180006027        2.1878835678460704      -0.19000137346943580     
   121600.00181198120        2.2017852906065367      -0.19570199320177731     
   122400.00182390213        2.2156891075203724      -0.20140259294574192     
   123200.00183582306        2.2295949745271448      -0.20710317366830153     
   124000.00184774399        2.2435028486713877      -0.21280373628116619     
   124800.00185966492        2.2574126880713443      -0.21850428164442273     
   125600.00187158585        2.2713244518886655      -0.22420481056989908     
   126400.00188350677        2.2852381002988347      -0.22990532382428844     
   127200.00189542770        2.2991535944625245      -0.23560582213203926     
   128000.00190734863        2.3130708964977220      -0.24130630617804000     
   128800.00191926956        2.3269899694526770      -0.24700677661011067     
   129600.00193119049        2.3409107772796571      -0.25270723404131717     
   130400.00194311142        2.3548332848094504      -0.25840767905212231     
   131200.00195503235        2.3687574577266481      -0.26410811219238739     
   132000.00196695328        2.3826832625456378      -0.26980853398323240     
   132800.00197887421        2.3966106665873581      -0.27550894491877403     
   133600.00199079514        2.4105396379566990      -0.28120934546773718     
   134400.00200271606        2.4244701455206559      -0.28690973607496595     
   135200.00201463699        2.4384021588870719      -0.29261011716282509     
   136000.00202655792        2.4523356483840830      -0.29831048913251429     
   136800.00203847885        2.4662705850401592      -0.30401085236529291     
   137600.00205039978        2.4802069405647709      -0.30971120722362500     
   138400.00206232071        2.4941446873296274      -0.31541155405224930     
   139200.00207424164        2.5080837983505160      -0.32111189317918204     
   140000.00208616257        2.5220242472696528      -0.32681222491665385     
   140800.00209808350        2.5359660083386149      -0.33251254956198761     
   141600.00211000443        2.5499090564017792      -0.33821286739841933     
   142400.00212192535        2.5638533668802399      -0.34391317869587323     
   143200.00213384628        2.5777989157562429      -0.34961348371168038     
   144000.00214576721        2.5917456795581093      -0.35531378269126251     
   144800.00215768814        2.6056936353455784      -0.36101407586876533     
   145600.00216960907        2.6196427606956090      -0.36671436346765873     
   146400.00218153000        2.6335930336886300      -0.37241464570129917     
   147200.00219345093        2.6475444328951530      -0.37811492277345898     
   148000.00220537186        2.6614969373628785      -0.38381519487882504     
   148800.00221729279        2.6754505266040782      -0.38951546220346239     
   149600.00222921371        2.6894051805834502      -0.39521572492525958     
   150400.00224113464        2.7033608797062851      -0.40091598321434535     
   151200.00225305557        2.7173176048070098      -0.40661623723347540     
   152000.00226497650        2.7312753371380523      -0.41231648713840474     
   152800.00227689743        2.7452340583590438      -0.41801673307823306     
   153600.00228881836        2.7591937505263475      -0.42371697519573537     
   154400.00230073929        2.7731543960829050      -0.42941721362767082     
   155200.00231266022        2.7871159778483432      -0.43511744850507633     
   156000.00232458115        2.8010784790094085      -0.44081767995354398     
   156800.00233650208        2.8150418831106663      -0.44651790809347719     
   157600.00234842300        2.8290061740454937      -0.45221813304034436     
   158400.00236034393        2.8429713360472642      -0.45791835490491056     
   159200.00237226486        2.8569373536808729      -0.46361857379345744     
   160000.00238418579        2.8709042118344801      -0.46931878980799452     
   160800.00239610672        2.8848718957114459      -0.47501900304645384     
   161600.00240802765        2.8988403908225506      -0.48071921360288333     
   162400.00241994858        2.9128096829784149      -0.48641942156761986     
   163200.00243186951        2.9267797582821604      -0.49211962702746120     
   164000.00244379044        2.9407506031222241      -0.49781983006582370     
   164800.00245571136        2.9547222041654106      -0.50352003076289598     
   165600.00246763229        2.9686945483501685      -0.50922022919578491     
   166400.00247955322        2.9826676228800091      -0.51492042543864114     
   167200.00249147415        2.9966414152171152      -0.52062061956280759     
   168000.00250339508        3.0106159130761543      -0.52632081163692868     
   168800.00251531601        3.0245911044182199      -0.53202100172707012     
   169600.00252723694        3.0385669774450133      -0.53772118989683515     
   170400.00253915787        3.0525435205931086      -0.54342137620746678     
   171200.00255107880        3.0665207225283884      -0.54912156071794538     
   172000.00256299973        3.0804985721406970      -0.55482174348509594     
   172800.00257492065        3.0944770585385828      -0.56052192456366345     
   173600.00258684158        3.1084561710441543      -0.56622210400641360     
   174400.00259876251        3.1224358991881376      -0.57192228186420679     
   175200.00261068344        3.1364162327050660      -0.57762245818608426     
   176000.00262260437        3.1503971615285553      -0.58332263301933795     
   176800.00263452530        3.1643786757867285      -0.58902280640958304     
   177600.00264644623        3.1783607657977688      -0.59472297840082422     
   178400.00265836716        3.1923434220655582      -0.60042314903552618     
   179200.00267028809        3.2063266352754995      -0.60612331835467503     
   180000.00268220901        3.2203103962903761      -0.61182348639783135     
   180800.00269412994        3.2342946961463452      -0.61752365320318980     
   181600.00270605087        3.2482795260490600      -0.62322381880764277     
   182400.00271797180        3.2622648773698879      -0.62892398324681342     
   183200.00272989273        3.2762507416421598      -0.63462414655511890     
   184000.00274181366        3.2902371105576265      -0.64032430876581670     
   184800.00275373459        3.3042239759629175      -0.64602446991104334     
   185600.00276565552        3.3182113298561395      -0.65172463002186110     
   186400.00277757645        3.3321991643835243      -0.65742478912829927     
   187200.00278949738        3.3461874718362248      -0.66312494725939397     
   188000.00280141830        3.3601762446471235      -0.66882510444322552     
   188800.00281333923        3.3741654753877444      -0.67452526070694974     
   189600.00282526016        3.3881551567652743      -0.68022541607684062     
   190400.00283718109        3.4021452816196041      -0.68592557057831782     
   191200.00284910202        3.4161358429205122      -0.69162572423598123     
   192000.00286102295        3.4301268337648430      -0.69732587707363969     
   192800.00287294388        3.4441182473738183      -0.70302602911433965     
   193600.00288486481        3.4581100770903785      -0.70872618038039481     
   194400.00289678574        3.4721023163765996      -0.71442633089341023     
   195200.00290870667        3.4860949588111771      -0.72012648067431140     
   196000.00292062759        3.5000879980869830      -0.72582662974336376     
   196800.00293254852        3.5140814280086654      -0.73152677812020350     
   197600.00294446945        3.5280752424902957      -0.73722692582385096     
   198400.00295639038        3.5420694355531004      -0.74292707287274340     
   199200.00296831131        3.5560640013232310      -0.74862721928474518     
   200000.00298023224        3.5700589340296123      -0.75432736507717069     
   200800.00299215317        3.5840542280017789      -0.76002751026680970     
   201600.00300407410        3.5980498776678571      -0.76572765486994077     
   202400.00301599503        3.6120458775525197      -0.77142779890234425     
   203200.00302791595        3.6260422222750202      -0.77712794237932981     
   204000.00303983688        3.6400389065472645      -0.78282808531574655     
   204800.00305175781        3.6540359251719274      -0.78852822772599673     
   205600.00306367874        3.6680332730406442      -0.79422836962405463     
   206400.00307559967        3.6820309451321935      -0.79992851102348184     
   207200.00308752060        3.6960289365107384      -0.80562865193743682     
   208000.00309944153        3.7100272423241556      -0.81132879237869260     
   208800.00311136246        3.7240258578023386      -0.81702893235964769     
   209600.00312328339        3.7380247782555753      -0.82272907189233579     
   210400.00313520432        3.7520239990729749      -0.82842921098844913     
   211200.00314712524        3.7660235157208635      -0.83412934965933372     
   212000.00315904617        3.7800233237413061      -0.83982948791601075     
   212800.00317096710        3.7940234187506103      -0.84552962576918556     
   213600.00318288803        3.8080237964378725      -0.85122976322925747     
   214400.00319480896        3.8220244525635514      -0.85692990030632699     
   215200.00320672989        3.8360253829580948      -0.86263003701021113     
   216000.00321865082        3.8500265835205938      -0.86833017335044549     
   216800.00323057175        3.8640280502174216      -0.87403030933630166     
   217600.00324249268        3.8780297790809781      -0.87973044497678765     
   218400.00325441360        3.8920317662083841      -0.88543058028065846     
   219200.00326633453        3.9060340077602995      -0.89113071525643150     
   220000.00327825546        3.9200364999596427      -0.89683084991238138     
   220800.00329017639        3.9340392390904673      -0.90253098425655720     
   221600.00330209732        3.9480422214967783      -0.90823111829678360     
   222400.00331401825        3.9620454435813990      -0.91393125204067227     
   223200.00332593918        3.9760489018048744      -0.91963138549562695     
   224000.00333786011        3.9900525926843793      -0.92533151866884777     
   224800.00334978104        4.0040565127926468      -0.93103165156733858     
   225600.00336170197        4.0180606587569576      -0.93673178419791725     
   226400.00337362289        4.0320650272581240      -0.94243191656721392     
   227200.00338554382        4.0460696150294817      -0.94813204868168244     
   228000.00339746475        4.0600744188559146      -0.95383218054760388     
   228800.00340938568        4.0740794355729335      -0.95953231217109070     
   229600.00342130661        4.0880846620657234      -0.96523244355809135     
   230400.00343322754        4.1020900952682080      -0.97093257471439820     
   231200.00344514847        4.1160957321622664      -0.97663270564565163     
   232000.00345706940        4.1301015697766896      -0.98233283635733792     
   232800.00346899033        4.1441076051865080      -0.98803296685480524     
   233600.00348091125        4.1581138355120295      -0.99373309714325841     
   234400.00349283218        4.1721202579180856      -0.99943322722776640     
   235200.00350475311        4.1861268696131502       -1.0051333571132683     
   236000.00351667404        4.2001336678486885       -1.0108334868045707     
   236800.00352859497        4.2141406499182947       -1.0165336163063601     
   237600.00354051590        4.2281478131569514       -1.0222337456232016     
   238400.00355243683        4.2421551549402983       -1.0279338747595419     
   239200.00356435776        4.2561626726839146       -1.0336340037197103     
   240000.00357627869        4.2701703638426158       -1.0393341325079304     
   240800.00358819962        4.2841782259097760       -1.0450342611283163     
   241600.00360012054        4.2981862564166393       -1.0507343895848764     
   242400.00361204147        4.3121944529316032       -1.0564345178815184     
   243200.00362396240        4.3262028130596359       -1.0621346460220527     
   244000.00363588333        4.3402113344416877       -1.0678347740101921     
   244800.00364780426        4.3542200147539027       -1.0735349018495550     
   245600.00365972519        4.3682288517071548       -1.0792350295436721     
   246400.00367164612        4.3822378430463846       -1.0849351570959829     
   247200.00368356705        4.3962469865500129       -1.0906352845098417     
   248000.00369548798        4.4102562800293956       -1.0963354117885198     
   248800.00370740891        4.4242657213282355       -1.1020355389352097     
   249600.00371932983        4.4382753083220070       -1.1077356659530224     
   250400.00373125076        4.4522850389174859       -1.1134357928449909     
   251200.00374317169        4.4662949110521293       -1.1191359196140753     
   252000.00375509262        4.4803049226936267       -1.1248360462631628     
   252800.00376701355        4.4943150718393525       -1.1305361727950696     
   253600.00377893448        4.5083253565158516       -1.1362362992125439     
   254400.00379085541        4.5223357747784076       -1.1419364255182618     
   255200.00380277634        4.5363463247104967       -1.1476365517148497     
   256000.00381469727        4.5503570044233221       -1.1533366778048535     
   256800.00382661819        4.5643678120554183       -1.1590368037907639     
   257600.00383853912        4.5783787457721461       -1.1647369296750114     
   258400.00385046005        4.5923898037652160       -1.1704370554599681     
   259200.00386238098        4.6064009842523044       -1.1761371811479495     
   260000.00387430191        4.6204122854766050       -1.1818373067412142     
   260800.00388622284        4.6344237057064204       -1.1875374322419685     
   261600.00389814377        4.6484352432347347       -1.1932375576523642     
   262400.00391006470        4.6624468963787882       -1.1989376829745040     
   263200.00392198563        4.6764586634797531       -1.2046378082104396     
   264000.00393390656        4.6904705429022693       -1.2103379333621747     
   264800.00394582748        4.7044825330340831       -1.2160380584316612     
   265600.00395774841        4.7184946322857240       -1.2217381834208116     
   266400.00396966934        4.7325068390900409       -1.2274383083314895     
   267200.00398159027        4.7465191519018939       -1.2331384331655169     
   268000.00399351120        4.7605315691978358       -1.2388385579246697     
   268800.00400543213        4.7745440894757269       -1.2445386826106875     
   269600.00401735306        4.7885567112543725       -1.2502388072252644     
   270400.00402927399        4.8025694330732192       -1.2559389317700560     
   271200.00404119492        4.8165822534919949       -1.2616390562466822     
   272000.00405311584        4.8305951710904615       -1.2673391806567216     
   272800.00406503677        4.8446081844680000       -1.2730393050017177     
   273600.00407695770        4.8586212922433525       -1.2787394292831775     
   274400.00408887863        4.8726344930543277       -1.2844395535025765     
   275200.00410079956        4.8866477855574679       -1.2901396776613530     
   276000.00411272049        4.9006611684277681       -1.2958398017609125     
   276800.00412464142        4.9146746403583803       -1.3015399258026288     
   277600.00413656235        4.9286882000603569       -1.3072400497878429     
   278400.00414848328        4.9427018462623451       -1.3129401737178674     
   279200.00416040421        4.9567155777103329       -1.3186402975939844     
   280000.00417232513        4.9707293931673409       -1.3243404214174459     
   280800.00418424606        4.9847432914132082       -1.3300405451894737     
   281600.00419616699        4.9987572712442727       -1.3357406689112650     
   282400.00420808792        5.0127713314732176       -1.3414407925839900     
   283200.00422000885        5.0267854709287221       -1.3471409162087880     
   284000.00423192978        5.0407996884552349       -1.3528410397867769     
   284800.00424385071        5.0548139829127647       -1.3585411633190492     
   285600.00425577164        5.0688283531766354       -1.3642412868066707     
   286400.00426769257        5.0828427981372322       -1.3699414102506813     
   287200.00427961349        5.0968573166997988       -1.3756415336521017     
   288000.00429153442        5.1108719077841958       -1.3813416570119279     
   288800.00430345535        5.1248865703246729       -1.3870417803311339     
   289600.00431537628        5.1389013032696713       -1.3927419036106714     
   290400.00432729721        5.1529161055816024       -1.3984420268514706     
   291200.00433921814        5.1669309762366007       -1.4041421500544411     
   292000.00435113907        5.1809459142244298       -1.4098422732204741     
   292800.00436306000        5.1949609185481185       -1.4155423963504381     
   293600.00437498093        5.2089759882239228       -1.4212425194451834     
   294400.00438690186        5.2229911222809982       -1.4269426425055427     
   295200.00439882278        5.2370063197612806       -1.4326427655323257     
   296000.00441074371        5.2510215797192954       -1.4383428885263292     
   296800.00442266464        5.2650369012219365       -1.4440430114883311     
   297600.00443458557        5.2790522833483093       -1.4497431344190890     
   298400.00444650650        5.2930677251895357       -1.4554432573193468     
   299200.00445842743        5.3070832258486131       -1.4611433801898339     
   300000.00447034836        5.3210987844402142       -1.4668435030312568     
   300800.00448226929        5.3351144000904496       -1.4725436258443130     
   301600.00449419022        5.3491300719368828       -1.4782437486296809     
   302400.00450611115        5.3631457991281239       -1.4839438713880266     
   303200.00451803207        5.3771615808238966       -1.4896439941199988     
   304000.00452995300        5.3911774161947088       -1.4953441168262347     
   304800.00454187393        5.4051933044217852       -1.5010442395073553     
   305600.00455379486        5.4192092446969138       -1.5067443621639685     
   306400.00456571579        5.4332252362222118       -1.5124444847966707     
   307200.00457763672        5.4472412782100905       -1.5181446074060410     
   308000.00458955765        5.4612573698830262       -1.5238447299926496     
   308800.00460147858        5.4752735104734525       -1.5295448525570536     
   309600.00461339951        5.4892896992235825       -1.5352449750997981     
   310400.00462532043        5.5033059353853249       -1.5409450976214147     
   311200.00463724136        5.5173222182200821       -1.5466452201224241     
   312000.00464916229        5.5313385469986951       -1.5523453426033356     
   312800.00466108322        5.5453549210012287       -1.5580454650646480     
   313600.00467300415        5.5593713395168747       -1.5637455875068484     
   314400.00468492508        5.5733878018438716       -1.5694457099304133     
   315200.00469684601        5.5874043072892778       -1.5751458323358098     
   316000.00470876694        5.6014208551689020       -1.5808459547234950     
   316800.00472068787        5.6154374448072124       -1.5865460770939139     
   317600.00473260880        5.6294540755371649       -1.5922461994475043     
   318400.00474452972        5.6434707467000980       -1.5979463217846928     
   319200.00475645065        5.6574874576456118       -1.6036464441058971     
   320000.00476837158        5.6715042077314877       -1.6093465664115267     
   320800.00478029251        5.6855209963235209       -1.6150466887019814     
   321600.00479221344        5.6995378227954463       -1.6207468109776508     
   322400.00480413437        5.7135546865288251       -1.6264469332389189     
   323200.00481605530        5.7275715869129460       -1.6321470554861590     
   324000.00482797623        5.7415885233446620       -1.6378471777197383     
   324800.00483989716        5.7556054952283473       -1.6435472999400145     
   325600.00485181808        5.7696225019757792       -1.6492474221473390     
   326400.00486373901        5.7836395430060268       -1.6549475443420529     
   327200.00487565994        5.7976566177453934       -1.6606476665244938     
   328000.00488758087        5.8116737256272275       -1.6663477886949876     
   328800.00489950180        5.8256908660919047       -1.6720479108538564     
   329600.00491142273        5.8397080385867133       -1.6777480330014154     
   330400.00492334366        5.8537252425657558       -1.6834481551379694     
   331200.00493526459        5.8677424774898306       -1.6891482772638202     
   332000.00494718552        5.8817597428263912       -1.6948483993792611     
   332800.00495910645        5.8957770380494274       -1.7005485214845799     
   333600.00497102737        5.9097943626393930       -1.7062486435800597     
   334400.00498294830        5.9238117160830939       -1.7119487656659718     
   335200.00499486923        5.9378290978736157       -1.7176488877425879     
   336000.00500679016        5.9518465075102522       -1.7233490098101716     
   336800.00501871109        5.9658639444984383       -1.7290491318689785     
   337600.00503063202        5.9798814083495966       -1.7347492539192608     
   338400.00504255295        5.9938988985811195       -1.7404493759612660     
   339200.00505447388        6.0079164147162745       -1.7461494979952354     
   340000.00506639481        6.0219339562841192       -1.7518496200214038     
   340800.00507831573        6.0359515228194347       -1.7575497420400021     
   341600.00509023666        6.0499691138626606       -1.7632498640512557     
   342400.00510215759        6.0639867289597955       -1.7689499860553841     
   343200.00511407852        6.0780043676623139       -1.7746501080526056     
   344000.00512599945        6.0920220295271355       -1.7803502300431284     
   344800.00513792038        6.1060397141165526       -1.7860503520271598     
   345600.00514984131        6.1200574209981076       -1.7917504740049026     
   346400.00516176224        6.1340751497445618       -1.7974505959765543     
   347200.00517368317        6.1480928999338262       -1.8031507179423065     
   348000.00518560410        6.1621106711488860       -1.8088508399023495     
   348800.00519752502        6.1761284629777373       -1.8145509618568660     
   349600.00520944595        6.1901462750133582       -1.8202510838060388     
   350400.00522136688        6.2041641068535736       -1.8259512057500418     
   351200.00523328781        6.2181819581010265       -1.8316513276890500     
   352000.00524520874        6.2321998283631475       -1.8373514496232297     
   352800.00525712967        6.2462177172520228       -1.8430515715527493     
   353600.00526905060        6.2602356243844071       -1.8487516934777666     
   354400.00528097153        6.2742535493816227       -1.8544518153984408     
   355200.00529289246        6.2882714918695335       -1.8601519373149256     
   356000.00530481339        6.3022894514784120       -1.8658520592273729     
   356800.00531673431        6.3163074278429958       -1.8715521811359299     
   357600.00532865524        6.3303254206023070       -1.8772523030407402     
   358400.00534057617        6.3443434293997090       -1.8829524249419451     
   359200.00535249710        6.3583614538827655       -1.8886525468396806     
   360000.00536441803        6.3723794937032583       -1.8943526687340835     
   360800.00537633896        6.3863975485170643       -1.9000527906252840     
   361600.00538825989        6.4004156179841738       -1.9057529125134123     
   362400.00540018082        6.4144337017685897       -1.9114530343985914     
   363200.00541210175        6.4284517995382657       -1.9171531562809438     
   364000.00542402267        6.4424699109651167       -1.9228532781605927     
   364800.00543594360        6.4564880357249175       -1.9285534000376532     
   365600.00544786453        6.4705061734972897       -1.9342535219122399     
   366400.00545978546        6.4845243239656041       -1.9399536437844669     
   367200.00547170639        6.4985424868169845       -1.9456537656544395     
   368000.00548362732        6.5125606617422385       -1.9513538875222665     
   368800.00549554825        6.5265788484357978       -1.9570540093880531     
   369600.00550746918        6.5405970465957211       -1.9627541312518995     
   370400.00551939011        6.5546152559235864       -1.9684542531139071     
   371200.00553131104        6.5686334761245000       -1.9741543749741703     
   372000.00554323196        6.5826517069070114       -1.9798544968327871     
   372800.00555515289        6.5966699479831004       -1.9855546186898487     
   373600.00556707382        6.6106881990681092       -1.9912547405454482     
   374400.00557899475        6.6247064598807563       -1.9969548623996696     
   375200.00559091568        6.6387247301430135       -2.0026549842525943     
   376000.00560283661        6.6527430095801350       -2.0083551061043345     
   376800.00561475754        6.6667612979205710       -2.0140552279549229     
   377600.00562667847        6.6807795948959514       -2.0197553498044911     
   378400.00563859940        6.6947979002410340       -2.0254554716530930     
   379200.00565052032        6.7088162136937033       -2.0311555935007939     
   380000.00566244125        6.7228345349948553       -2.0368557153476767     
   380800.00567436218        6.7368528638884504       -2.0425558371938481     
   381600.00568628311        6.7508712001214333       -2.0482559590393108     
   382400.00569820404        6.7648895434436742       -2.0539560808842121     
   383200.00571012497        6.7789078936079701       -2.0596562027285836     
   384000.00572204590        6.7929262503700061       -2.0653563245724667     
   384800.00573396683        6.8069446134882732       -2.0710564464159189     
   385600.00574588776        6.8209629827241400       -2.0767565682590314     
   386400.00575780869        6.8349813578416931       -2.0824566901019823     
   387200.00576972961        6.8489997386077803       -2.0881568119445157     
   388000.00578165054        6.8630181247919575       -2.0938569337870492     
   388800.00579357147        6.8770365161664539       -2.0995570556295826     
   389600.00580549240        6.8910549125061600       -2.1052571774721160     
   390400.00581741333        6.9050733135885523       -2.1109572993146495     
   391200.00582933426        6.9190917191937036       -2.1166574211571829     
   392000.00584125519        6.9331101291042412       -2.1223575429997164     
   392800.00585317612        6.9471285431053147       -2.1280576648422498     
   393600.00586509705        6.9611469609845402       -2.1337577866852127     
   394400.00587701797        6.9751653825320012       -2.1394579085282728     
   395200.00588893890        6.9891838075402797       -2.1451580303716944     
   396000.00590085983        7.0032022358042694       -2.1508581522154735     
   396800.00591278076        7.0172206671212889       -2.1565582740596185     
   397600.00592470169        7.0312391012909989       -2.1622583959041877     
   398400.00593662262        7.0452575381153384       -2.1679585177492218     
   399200.00594854355        7.0592759773985847       -2.1736586395947519     
   400000.00596046448        7.0732944189472668       -2.1793587614408638     
   400800.00597238541        7.0873128625701414       -2.1850588832875681     
   401600.00598430634        7.1013313080781932       -2.1907590051348440     
   402400.00599622726        7.1153497552845666       -2.1964591269828513     
   403200.00600814819        7.1293682040045958       -2.2021592488314976     
   404000.00602006912        7.1433866540557291       -2.2078593706809002     
   404800.00603199005        7.1574051052575411       -2.2135594925310662     
   405600.00604391098        7.1714235574316909       -2.2192596143820120     
   406400.00605583191        7.1854420104018635       -2.2249597362337790     
   407200.00606775284        7.1994604639938213       -2.2306598580864017     
   408000.00607967377        7.2134789180353245       -2.2363599799399108     
   408800.00609159470        7.2274973723561295       -2.2420601017943338     
   409600.00610351562        7.2415158267879489       -2.2477602236496943     
   410400.00611543655        7.2555342811644614       -2.2534603455060140     
   411200.00612735748        7.2695527353212324       -2.2591604673633126     
   412000.00613927841        7.2835711890957597       -2.2648605892216498     
   412800.00615119934        7.2975896423274111       -2.2705607110810231     
   413600.00616312027        7.3116080948573963       -2.2762608329414329     
   414400.00617504120        7.3256265465287678       -2.2819609548029698     
   415200.00618696213        7.3396449971863973       -2.2876610766655707     
   416000.00619888306        7.3536634466769346       -2.2933611985293436     
   416800.00621080399        7.3676818948488290       -2.2990613203942352     
   417600.00622272491        7.3817003415522526       -2.3047614422603040     
   418400.00623464584        7.3957187866391285       -2.3104615641275688     
   419200.00624656677        7.4097372299630972       -2.3161616859960259     
   420000.00625848770        7.4237556713794444       -2.3218618078656985     
   420800.00627040863        7.4377741107451927       -2.3275619297366328     
   421600.00628232956        7.4517925479189824       -2.3332620516088225     
   422400.00629425049        7.4658109827611048       -2.3389621734822814     
   423200.00630617142        7.4798294151334606       -2.3446622953570269     
   424000.00631809235        7.4938478448995598       -2.3503624172330744     
   424800.00633001328        7.5078662719244598       -2.3560625391104391     
   425600.00634193420        7.5218846960748200       -2.3617626609891347     
   426400.00635385513        7.5359031172188304       -2.3674627828691741     
   427200.00636577606        7.5499215352262077       -2.3731629047505693     
   428000.00637769699        7.5639399499681810       -2.3788630266333319     
   428800.00638961792        7.5779583613174744       -2.3845631485174716     
   429600.00640153885        7.5919767691482711       -2.3902632704029987     
   430400.00641345978        7.6059951733362530       -2.3959633922899313     
   431200.00642538071        7.6200135737585235       -2.4016635141782858     
   432000.00643730164        7.6340319702936013       -2.4073636360680553     
   432800.00644922256        7.6480503628214196       -2.4130637579592475     
   433600.00646114349        7.6620687512233330       -2.4187638798518702     
   434400.00647306442        7.6760871353820495       -2.4244640017459567     
   435200.00648498535        7.6901055151816573       -2.4301641236414953     
   436000.00649690628        7.7041238905075939       -2.4358642455384842     
   436800.00650882721        7.7181422612466299       -2.4415643674369414     
   437600.00652074814        7.7321606272868477       -2.4472644893368889     
   438400.00653266907        7.7461789885176353       -2.4529646112383019     
   439200.00654459000        7.7601973448296935       -2.4586647331412013     
   440000.00655651093        7.7742156961149735       -2.4643648550456065     
   440800.00656843185        7.7882340422666951       -2.4700649769514906     
   441600.00658035278        7.8022523831793356       -2.4757650988588891     
   442400.00659227371        7.8162707187486040       -2.4814652207677916     
   443200.00660419464        7.8302890488714230       -2.4871653426781881     
   444000.00661611557        7.8443073734459352       -2.4928654645901234     
   444800.00662803650        7.8583256923714568       -2.4985655865035530     
   445600.00663995743        7.8723440055484888       -2.5042657084185174     
   446400.00665187836        7.8863623128787479       -2.5099658303349965     
   447200.00666379929        7.9003806142650488       -2.5156659522529963     
   448000.00667572021        7.9143989096113714       -2.5213660741725334     
   448800.00668764114        7.9284171988228254       -2.5270661960935792     
   449600.00669956207        7.9424354818056209       -2.5327663180161806     
   450400.00671148300        7.9564537584670978       -2.5384664399402870     
   451200.00672340393        7.9704720287156814       -2.5441665618659486     
   452000.00673532486        7.9844902924608805       -2.5498666837931250     
   452800.00674724579        7.9985085496132751       -2.5555668057218450     
   453600.00675916672        8.0125268000844940       -2.5612669276520923     
   454400.00677108765        8.0265450437872072       -2.5669670495838712     
   455200.00678300858        8.0405632806351495       -2.5726671715171894     
   456000.00679492950        8.0545815105430538       -2.5783672934520259     
   456800.00680685043        8.0685997334266997       -2.5840674153884131     
   457600.00681877136        8.0826179492027723       -2.5897675373263045     
   458400.00683069229        8.0966361577890833       -2.5954676592657542     
   459200.00684261322        8.1106543591043447       -2.6011677812067084     
   460000.00685453415        8.1246725530682511       -2.6068679031492019     
   460800.00686645508        8.1386907396014614       -2.6125680250932133     
   461600.00687837601        8.1527089186255779       -2.6182681470387417     
   462400.00689029694        8.1667270900631408       -2.6239682689858026     
   463200.00690221786        8.1807452538376424       -2.6296683909343579     
   464000.00691413879        8.1947634098734472       -2.6353685128844568     
   464800.00692605972        8.2087815580958878       -2.6410686348360488     
   465600.00693798065        8.2227996984311282       -2.6467687567891520     
   466400.00694990158        8.2368178308063111       -2.6524688787437687     
   467200.00696182251        8.2508359551493520       -2.6581690006998682     
   468000.00697374344        8.2648540713891041       -2.6638691226574904     
   468800.00698566437        8.2788721794552949       -2.6695692446165968     
   469600.00699758530        8.2928902792784580       -2.6752693665771830     
   470400.00700950623        8.3069083707899960       -2.6809694885392821     
   471200.00702142715        8.3209264539221479       -2.6866696105028489     
   472000.00703334808        8.3349445286079469       -2.6923697324678857     
   472800.00704526901        8.3489625947812875       -2.6980698544344217     
   473600.00705718994        8.3629806523768320       -2.7037699764024152     
   474400.00706911087        8.3769987013300788       -2.7094700983718627     
   475200.00708103180        8.3910167415772783       -2.7151702203427939     
   476000.00709295273        8.4050347730554957       -2.7208703423151759     
   476800.00710487366        8.4190527957026333       -2.7265704642889994     
   477600.00711679459        8.4330708094571047       -2.7322705862642653     
   478400.00712871552        8.4470888142583682       -2.7379707082409932     
   479200.00714063644        8.4611068100465161       -2.7436708302191493     
   480000.00715255737        8.4751247967623780       -2.7493709521987295     
   480800.00716447830        8.4891427743475312       -2.7550710741797286     
   481600.00717639923        8.5031607427442868       -2.7607711961621586     
   482400.00718832016        8.5171787018956433       -2.7664713181460079     
   483200.00720024109        8.5311966517453346       -2.7721714401312614     
   484000.00721216202        8.5452145922378069       -2.7778715621179133     
   484800.00722408295        8.5592325233181850       -2.7835716841059588     
   485600.00723600388        8.5732504449322935       -2.7892718060953929     
   486400.00724792480        8.5872683570265789       -2.7949719280862100     
   487200.00725984573        8.6012862595482780       -2.8006720500784148     
   488000.00727176666        8.6153041524451961       -2.8063721720719936     
   488800.00728368759        8.6293220356658420       -2.8120722940669367     
   489600.00729560852        8.6433399091593319       -2.8177724160632374     
   490400.00730752945        8.6573577728755424       -2.8234725380608907     
   491200.00731945038        8.6713756267648687       -2.8291726600598897     
   492000.00733137131        8.6853934707783864       -2.8348727820602280     
   492800.00734329224        8.6994113048677963       -2.8405729040618994     
   493600.00735521317        8.7134291289854104       -2.8462730260648965     
   494400.00736713409        8.7274469430841730       -2.8519731480692130     
   495200.00737905502        8.7414647471176110       -2.8576732700748413     
   496000.00739097595        8.7554825410398607       -2.8633733920817748     
   496800.00740289688        8.7695003248056587       -2.8690735140900054     
   497600.00741481781        8.7835180983703243       -2.8747736360995280     
   498400.00742673874        8.7975358616897736       -2.8804737581103486     
   499200.00743865967        8.8115536147204825       -2.8861738801224459     
   500000.00745058060        8.8255713574194861       -2.8918740021358125     
   500800.00746250153        8.8395890897444112       -2.8975741241504394     
   501600.00747442245        8.8536068116534317       -2.9032742461663186     
   502400.00748634338        8.8676245231052668       -2.9089743681834408     
   503200.00749826431        8.8816422240591884       -2.9146744902018216     
   504000.00751018524        8.8956599144750204       -2.9203746122214413     
   504800.00752210617        8.9096775943130879       -2.9260747342422802     
   505600.00753402710        8.9236952635342153       -2.9317748562643295     
   506400.00754594803        8.9377129220999727       -2.9374749782876042     
   507200.00755786896        8.9517305699721437       -2.9431751003120930     
   508000.00756978989        8.9657482071131973       -2.9488752223377657     
   508800.00758171082        8.9797658334860806       -2.9545753443646250     
   509600.00759363174        8.9937834490542343       -2.9602754663926922     
   510400.00760555267        9.0078010537816162       -2.9659755884219154     
   511200.00761747360        9.0218186476326530       -2.9716757104523097     
   512000.00762939453        9.0358362305722686       -2.9773758324838786     
   512800.00764131546        9.0498538025658792       -2.9830759545165741     
   513600.00765323639        9.0638713635793735       -2.9887760765504510     
   514400.00766515732        9.0778889135790966       -2.9944761985854416     
   515200.00767707825        9.0919064525318678       -3.0001763206215775     
   516000.00768899918        9.1059239804049721       -3.0058764426588289     
   516800.00770092010        9.1199414971662058       -3.0115765646972008     
   517600.00771284103        9.1339590027837438       -3.0172766867366785     
   518400.00772476196        9.1479764972262263       -3.0229768087772624     
   519200.00773668289        9.1619939804627535       -3.0286769308189294     
   520000.00774860382        9.1760114524628520       -3.0343770528617005     
   520800.00776052475        9.1900289131965280       -3.0400771749055182     
   521600.00777244568        9.2040463626341644       -3.0457772969504497     
   522400.00778436661        9.2180638007465863       -3.0514774189964156     
   523200.00779628754        9.2320812275050450       -3.0571775410434432     
   524000.00780820847        9.2460986428811989       -3.0628776630915313     
   524800.00782012939        9.2601160468471502       -3.0685777851406382     
   525600.00783205032        9.2741334393753849       -3.0742779071907917     
   526400.00784397125        9.2881508204387906       -3.0799780292419792     
   527200.00785589218        9.3021681900106756       -3.0856781512941680     
   528000.00786781311        9.3161855480647091       -3.0913782733473583     
   528800.00787973404        9.3302028945750699       -3.0970783954015841     
   529600.00789165497        9.3442202295161234       -3.1027785174567937     
   530400.00790357590        9.3582375528627679       -3.1084786395129815     
   531200.00791549683        9.3722548645902588       -3.1141787615701415     
   532000.00792741776        9.3862721646742102       -3.1198788836282900     
   532800.00793933868        9.4002894530906200       -3.1255790056874120     
   533600.00795125961        9.4143067298158503       -3.1312791277474861     
   534400.00796318054        9.4283239948266342       -3.1369792498085065     
   535200.00797510147        9.4423412481000479       -3.1426793718704671     
   536000.00798702240        9.4563584896135477       -3.1483794939333611     
   536800.00799894333        9.4703757193449309       -3.1540796159971825     
   537600.00801086426        9.4843929372723697       -3.1597797380619248     
   538400.00802278519        9.4984101433743753       -3.1654798601275815     
   539200.00803470612        9.5124273376297648       -3.1711799821941451     
   540000.00804662704        9.5264445200177423       -3.1768801042616115     
   540800.00805854797        9.5404616905178248       -3.1825802263299683     
   541600.00807046890        9.5544788491098700       -3.1882803483992097     
   542400.00808238983        9.5684959957740752       -3.1939804704693313     
   543200.00809431076        9.5825131304909483       -3.1996805925403238     
   544000.00810623169        9.5965302532413368       -3.2053807146121791     
   544800.00811815262        9.6105473640064112       -3.2110808366848897     
   545600.00813007355        9.6245644627676192       -3.2167809587584473     
   546400.00814199448        9.6385815495067764       -3.2224810808328432     
   547200.00815391541        9.6525986242059698       -3.2281812029080692     
   548000.00816583633        9.6666156868476047       -3.2338813249841163     
   548800.00817775726        9.6806327374144185       -3.2395814470609756     
   549600.00818967819        9.6946497758893972       -3.2452815691386574     
   550400.00820159912        9.7086668022558733       -3.2509816912171616     
   551200.00821352005        9.7226838164974581       -3.2566818132964546     
   552000.00822544098        9.7367008185980346       -3.2623819353765264     
   552800.00823736191        9.7507178085417987       -3.2680820574573670     
   553600.00824928284        9.7647347863132268       -3.2737821795390212     
   554400.00826120377        9.7787517518970954       -3.2794823016214396     
   555200.00827312469        9.7927687052784371       -3.2851824237046006     
   556000.00828504562        9.8067856464425631       -3.2908825457885151     
   556800.00829696655        9.8208025753750565       -3.2965826678732131     
   557600.00830888748        9.8348194920618219       -3.3022827899586256     
   558400.00832080841        9.8488363964889576       -3.3079829120447650     
   559200.00833272934        9.8628532886428886       -3.3136830341316705     
   560000.00834465027        9.8768701685102798       -3.3193831562192599     
   560800.00835657120        9.8908870360780483       -3.3250832783075865     
   561600.00836849213        9.9049038913333831       -3.3307834003966219     
   562400.00838041306        9.9189207342637431       -3.3364835224863301     
   563200.00839233398        9.9329375648568146       -3.3421836445767812     
   564000.00840425491        9.9469543831005431       -3.3478837666678629     
   564800.00841617584        9.9609711889831249       -3.3535838887596916     
   565600.00842809677        9.9749879824930137       -3.3592840108521362     
   566400.00844001770        9.9890047636188815       -3.3649841329453043     
   567200.00845193863        10.003021532349667       -3.3706842550390781     
   568000.00846385956        10.017038288674531       -3.3763843771335678     
   568800.00847578049        10.031055032582884       -3.3820844992286418     
   569600.00848770142        10.045071764064145       -3.3877846213244274     
   570400.00849962234        10.059088483108546       -3.3934847434207986     
   571200.00851154327        10.073105189706075       -3.3991848655178267     
   572000.00852346420        10.087121883846994       -3.4048849876154756     
   572800.00853538513        10.101138565521861       -3.4105851097137063     
   573600.00854730606        10.115155234721458       -3.4162852318126120     
   574400.00855922699        10.129171891436759       -3.4219853539120799     
   575200.00857114792        10.143188535658982       -3.4276854760121429     
   576000.00858306885        10.157205167379546       -3.4333855981128383     
   576800.00859498978        10.171221786590092       -3.4390857202140857     
   577600.00860691071        10.185238393282464       -3.4447858423159001     
   578400.00861883163        10.199254987448731       -3.4504859644183430     
   579200.00863075256        10.213271569081147       -3.4561860865213268     
   580000.00864267349        10.227288138172186       -3.4618862086248487     
   580800.00865459442        10.241304694714518       -3.4675863307289490     
   581600.00866651535        10.255321238701011       -3.4732864528336229     
   582400.00867843628        10.269337770124748       -3.4789865749388231     
   583200.00869035721        10.283354288978993       -3.4846866970445456     
   584000.00870227814        10.297370795257210       -3.4903868191507876     
   584800.00871419907        10.311387288953059       -3.4960869412576057     
   585600.00872612000        10.325403770060381       -3.5017870633649411     
   586400.00873804092        10.339420238573206       -3.5074871854727823     
   587200.00874996185        10.353436694485776       -3.5131873075811249     
   588000.00876188278        10.367453137792490       -3.5188874296899657     
   588800.00877380371        10.381469568487931       -3.5245875517993004     
   589600.00878572464        10.395485986566891       -3.5302876739091253     
   590400.00879764557        10.409502392024311       -3.5359877960194663     
   591200.00880956650        10.423518784855329       -3.5416879181302927     
   592000.00882148743        10.437535165055230       -3.5473880402415925     
   592800.00883340836        10.451551532619531       -3.5530881623533608     
   593600.00884532928        10.465567887543864       -3.5587882844655931     
   594400.00885725021        10.479584229824045       -3.5644884065782851     
   595200.00886917114        10.493600559456084       -3.5701885286914314     
   596000.00888109207        10.507616876436138       -3.5758886508050272     
   596800.00889301300        10.521633180760530       -3.5815887729190670     
   597600.00890493393        10.535649472425746       -3.5872888950335460     
   598400.00891685486        10.549665751428440       -3.5929890171484584     
   599200.00892877579        10.563682017765425       -3.5986891392637985     
   600000.00894069672        10.577698271433675       -3.6043892613795605     
   600800.00895261765        10.591714512430313       -3.6100893834957386     
   601600.00896453857        10.605730740752620       -3.6157895056123266     
   602400.00897645950        10.619746956398043       -3.6214896277293178     
   603200.00898838043        10.633763159364170       -3.6271897498467425     
   604000.00900030136        10.647779349648740       -3.6328898719645744     
   604800.00901222229        10.661795527249648       -3.6385899940827962     
   605600.00902414322        10.675811692164935       -3.6442901162014008     
   606400.00903606415        10.689827844392795       -3.6499902383203806     
   607200.00904798508        10.703843983931533       -3.6556903604397286     
   608000.00905990601        10.717860110779636       -3.6613904825594363     
   608800.00907182693        10.731876224935720       -3.6670906046795255     
   609600.00908374786        10.745892326398543       -3.6727907268000290     
   610400.00909566879        10.759908415166997       -3.6784908489208759     
   611200.00910758972        10.773924491240120       -3.6841909710420571     
   612000.00911951065        10.787940554617077       -3.6898910931635633     
   612800.00913143158        10.801956605297176       -3.6955912152854289     
   613600.00914335251        10.815972643279853       -3.7012913374076950     
   614400.00915527344        10.829988668564678       -3.7069914595302667     
   615200.00916719437        10.844004681151352       -3.7126915816531336     
   616000.00917911530        10.858020681039710       -3.7183917037763314     
   616800.00919103622        10.872036668229699       -3.7240918258999267     
   617600.00920295715        10.886052642721413       -3.7297919480237947     
   618400.00921487808        10.900068604515058       -3.7354920701479233     
   619200.00922679901        10.914084553610973       -3.7411921922724534     
   620000.00923871994        10.928100490009614       -3.7468923143972743     
   620800.00925064087        10.942116413711554       -3.7525924365223307     
   621600.00926256180        10.956132324717505       -3.7582925586477489     
   622400.00927448273        10.970148223028271       -3.7639926807734705     
   623200.00928640366        10.984164108644807       -3.7696928028993986     
   624000.00929832458        10.998179981568148       -3.7753929250257050     
   624800.00931024551        11.012195841799469       -3.7810930471522681     
   625600.00932216644        11.026211689340057       -3.7867931692790187     
   626400.00933408737        11.040227524191272       -3.7924932914062008     
   627200.00934600830        11.054243346354699       -3.7981934135335402     
   628000.00935792923        11.068259155831905       -3.8038935356611789     
   628800.00936985016        11.082274952624623       -3.8095936577891019     
   629600.00938177109        11.096290736734701       -3.8152937799171847     
   630400.00939369202        11.110306508164076       -3.8209939020456711     
   631200.00940561295        11.124322266914792       -3.8266940241742562     
   632000.00941753387        11.138338012989017       -3.8323941463032272     
   632800.00942945480        11.152353746389000       -3.8380942684323323     
   633600.00944137573        11.166369467117120       -3.8437943905617473     
   634400.00945329666        11.180385175175829       -3.8494945126913489     
   635200.00946521759        11.194400870567687       -3.8551946348212081     
   636000.00947713852        11.208416553295361       -3.8608947569512799     
   636800.00948905945        11.222432223361626       -3.8665948790815832     
   637600.00950098038        11.236447880769330       -3.8722950012120978     
   638400.00951290131        11.250463525521448       -3.8779951233428451     
   639200.00952482224        11.264479157621031       -3.8836952454737723     
   640000.00953674316        11.278494777071208       -3.8893953676049637     
   640800.00954866409        11.292510383875229       -3.8950954897362702     
   641600.00956058502        11.306525978036440       -3.9007956118679057     
   642400.00957250595        11.320541559558263       -3.9064957339995554     
   643200.00958442688        11.334557128444215       -3.9121958561316350     
   644000.00959634781        11.348572684697906       -3.9178959782637146     
   644800.00960826874        11.362588228323022       -3.9235961003961122     
   645600.00962018967        11.376603759323359       -3.9292962225286359     
   646400.00963211060        11.390619277702768       -3.9349963446612928     
   647200.00964403152        11.404634783465218       -3.9406964667942606     
   648000.00965595245        11.418650276614740       -3.9463965889272283     
   648800.00966787338        11.432665757155478       -3.9520967110605403     
   649600.00967979431        11.446681225091629       -3.9577968331939521     
   650400.00969171524        11.460696680427484       -3.9634969553274200     
   651200.00970363617        11.474712123167421       -3.9691970774612759     
   652000.00971555710        11.488727553315893       -3.9748971995951319     
   652800.00972747803        11.502742970877431       -3.9805973217291371     
   653600.00973939896        11.516758375856647       -3.9862974438634371     
   654400.00975131989        11.530773768258230       -3.9919975659977371     
   655200.00976324081        11.544789148086947       -3.9976976881322082     
   656000.00977516174        11.558804515347651       -4.0033978102666872     
   656800.00978708267        11.572819870045258       -4.0090979324017351     
   657600.00979900360        11.586835212184758       -4.0147980545369233     
   658400.00981092453        11.600850541771210       -4.0204981766721115     
   659200.00982284546        11.614865858809770       -4.0261982988072997     
   660000.00983476639        11.628881163305634       -4.0318984209424880     
   660800.00984668732        11.642896455264102       -4.0375985430776762     
   661600.00985860825        11.656911734690526       -4.0432986652129683     
   662400.00987052917        11.670927001590336       -4.0489987873490447     
   663200.00988245010        11.684942255969025       -4.0546989094851211     
   664000.00989437103        11.698957497832156       -4.0603990316211975     
   664800.00990629196        11.712972727185353       -4.0660991537572739     
   665600.00991821289        11.726987944034322       -4.0717992758933503     
   666400.00993013382        11.741003148384822       -4.0774993980294267     
   667200.00994205475        11.755018340242694       -4.0831995201655031     
   668000.00995397568        11.769033519613828       -4.0888996423017598     
   668800.00996589661        11.783048686504182       -4.0945997644387244     
   669600.00997781754        11.797063840919774       -4.1002998865756890     
   670400.00998973846        11.811078982866693       -4.1060000087126536     
   671200.01000165939        11.825094112351085       -4.1117001308496182     
   672000.01001358032        11.839109229379167       -4.1174002529865827     
   672800.01002550125        11.853124333957195       -4.1231003751235473     
   673600.01003742218        11.867139426091496       -4.1288004972605119     
   674400.01004934311        11.881154505788293       -4.1345006193974765     
   675200.01006126404        11.895169573054437       -4.1402007415344411     
   676000.01007318497        11.909184627896160       -4.1459008636716987     
   676800.01008510590        11.923199670320045       -4.1516009858095515     
   677600.01009702682        11.937214700332733       -4.1573011079474043     
   678400.01010894775        11.951229717940899       -4.1630012300852570     
   679200.01012086868        11.965244723151262       -4.1687013522231098     
   680000.01013278961        11.979259715970626       -4.1744014743609625     
   680800.01014471054        11.993274696405813       -4.1801015964988153     
   681600.01015663147        12.007289664463718       -4.1858017186366681     
   682400.01016855240        12.021304620151289       -4.1915018407745208     
   683200.01018047333        12.035319563475534       -4.1972019629123736     
   684000.01019239426        12.049334494443487       -4.2029020850502263     
   684800.01020431519        12.063349413062245       -4.2086022071880791     
   685600.01021623611        12.077364319338971       -4.2143023293259319     
   686400.01022815704        12.091379213280863       -4.2200024514637846     
   687200.01024007797        12.105394094895166       -4.2257025736018630     
   688000.01025199890        12.119408964189178       -4.2314026957406039     
   688800.01026391983        12.133423821170254       -4.2371028178793448     
   689600.01027584076        12.147438665845785       -4.2428029400180858     
   690400.01028776169        12.161453498223215       -4.2485030621568267     
   691200.01029968262        12.175468318310029       -4.2542031842955677     
   692000.01031160355        12.189483126113760       -4.2599033064343086     
   692800.01032352448        12.203497921641985       -4.2656034285730495     
   693600.01033544540        12.217512704902338       -4.2713035507117905     
   694400.01034736633        12.231527475902498       -4.2770036728505314     
   695200.01035928726        12.245542234650147       -4.2827037949892723     
   696000.01037120819        12.259556981153052       -4.2884039171280133     
   696800.01038312912        12.273571715419022       -4.2941040392667542     
   697600.01039505005        12.287586437455891       -4.2998041614054952     
   698400.01040697098        12.301601147271548       -4.3055042835442361     
   699200.01041889191        12.315615844873914       -4.3112044056829770     
   700000.01043081284        12.329630530270959       -4.3169045278217180     
   700800.01044273376        12.343645203470677       -4.3226046499604589     
   701600.01045465469        12.357659864481118       -4.3283047720991998     
   702400.01046657562        12.371674513310369       -4.3340048942379408     
   703200.01047849655        12.385689149966552       -4.3397050163766817     
   704000.01049041748        12.399703774457842       -4.3454051385154226     
   704800.01050233841        12.413718386792420       -4.3511052606541636     
   705600.01051425934        12.427732986978528       -4.3568053827929045     
   706400.01052618027        12.441747575024458       -4.3625055049316455     
   707200.01053810120        12.455762150938488       -4.3682056270703864     
   708000.01055002213        12.469776714728987       -4.3739057492091273     
   708800.01056194305        12.483791266404337       -4.3796058713478683     
   709600.01057386398        12.497805805972940       -4.3853059934866092     
   710400.01058578491        12.511820333443259       -4.3910061156253501     
   711200.01059770584        12.525834848823784       -4.3967062377640911     
   712000.01060962677        12.539849352123023       -4.4024063599028320     
   712800.01062154770        12.553863843349539       -4.4081064820415730     
   713600.01063346863        12.567878322511913       -4.4138066041803139     
   714400.01064538956        12.581892789618770       -4.4195067263190548     
   715200.01065731049        12.595907244678774       -4.4252068484577958     
   716000.01066923141        12.609921687700590       -4.4309069705965367     
   716800.01068115234        12.623936118692926       -4.4366070927352776     
   717600.01069307327        12.637950537664546       -4.4423072148740186     
   718400.01070499420        12.651964944624215       -4.4480073370127595     
   719200.01071691513        12.665979339580748       -4.4537074591515005     
   720000.01072883606        12.679993722542955       -4.4594075812902414     
   720800.01074075699        12.694008093519738       -4.4651077034289823     
   721600.01075267792        12.708022452519975       -4.4708078255677233     
   722400.01076459885        12.722036799552594       -4.4765079477064642     
   723200.01077651978        12.736051134626539       -4.4822080698452051     
   724000.01078844070        12.750065457750784       -4.4879081919839461     
   724800.01080036163        12.764079768934339       -4.4936083141226870     
   725600.01081228256        12.778094068186254       -4.4993084362614280     
   726400.01082420349        12.792108355515557       -4.5050085584001689     
   727200.01083612442        12.806122630931355       -4.5107086805389098     
   728000.01084804535        12.820136894442763       -4.5164088026776508     
   728800.01085996628        12.834151146058911       -4.5221089248163917     
   729600.01087188721        12.848165385788963       -4.5278090469551326     
   730400.01088380814        12.862179613642114       -4.5335091690938736     
   731200.01089572906        12.876193829627560       -4.5392092912326145     
   732000.01090764999        12.890208033754547       -4.5449094133713555     
   732800.01091957092        12.904222226032307       -4.5506095355100964     
   733600.01093149185        12.918236406470189       -4.5563096576488373     
   734400.01094341278        12.932250575077461       -4.5620097797875783     
   735200.01095533371        12.946264731863451       -4.5677099019263192     
   736000.01096725464        12.960278876837521       -4.5734100240650601     
   736800.01097917557        12.974293010009037       -4.5791101462038011     
   737600.01099109650        12.988307131387403       -4.5848102683425003     
   738400.01100301743        13.002321240982042       -4.5905103904803530     
   739200.01101493835        13.016335338802403       -4.5962105126182058     
   740000.01102685928        13.030349424857917       -4.6019106347560585     
   740800.01103878021        13.044363499158084       -4.6076107568939113     
   741600.01105070114        13.058377561712398       -4.6133108790317641     
   742400.01106262207        13.072391612530378       -4.6190110011696168     
   743200.01107454300        13.086405651621568       -4.6247111233074696     
   744000.01108646393        13.100419678995536       -4.6304112454453223     
   744800.01109838486        13.114433694661860       -4.6361113675831751     
   745600.01111030579        13.128447698630136       -4.6418114897210279     
   746400.01112222672        13.142461690909981       -4.6475116118588806     
   747200.01113414764        13.156475671511055       -4.6532117339967334     
   748000.01114606857        13.170489640442966       -4.6589118561345861     
   748800.01115798950        13.184503597715405       -4.6646119782724389     
   749600.01116991043        13.198517543338061       -4.6703121004102917     
   750400.01118183136        13.212531477320649       -4.6760122225481444     
   751200.01119375229        13.226545399672897       -4.6817123446859972     
   752000.01120567322        13.240559310404516       -4.6874124668238499     
   752800.01121759415        13.254573209525276       -4.6931125889617027     
   753600.01122951508        13.268587097044954       -4.6988127110995555     
   754400.01124143600        13.282600972973329       -4.7045128332365316     
   755200.01125335693        13.296614837320202       -4.7102129553734962     
   756000.01126527786        13.310628690095399       -4.7159130775104607     
   756800.01127719879        13.324642531308752       -4.7216131996474253     
   757600.01128911972        13.338656360970143       -4.7273133217843899     
   758400.01130104065        13.352670179089360       -4.7330134439213545     
   759200.01131296158        13.366683985676316       -4.7387135660583191     
   760000.01132488251        13.380697780740897       -4.7444136881952836     
   760800.01133680344        13.394711564293010       -4.7501138103322482     
   761600.01134872437        13.408725336342583       -4.7558139324692128     
   762400.01136064529        13.422739096899532       -4.7615140546061774     
   763200.01137256622        13.436752845973809       -4.7672141767431420     
   764000.01138448715        13.450766583575364       -4.7729142988801065     
   764800.01139640808        13.464780309714177       -4.7786144210170711     
   765600.01140832901        13.478794024400219       -4.7843145431540357     
   766400.01142024994        13.492807727643482       -4.7900146652910003     
   767200.01143217087        13.506821419453980       -4.7957147874272081     
   768000.01144409180        13.520835099841714       -4.8014149095632845     
   768800.01145601273        13.534848768816737       -4.8071150316993609     
   769600.01146793365        13.548862426389071       -4.8128151538354373     
   770400.01147985458        13.562876072568772       -4.8185152759715137     
   771200.01149177551        13.576889707365902       -4.8242153981075901     
   772000.01150369644        13.590903330790518       -4.8299155202436665     
   772800.01151561737        13.604916942852721       -4.8356156423797430     
   773600.01152753830        13.618930543562596       -4.8413157645158194     
   774400.01153945923        13.632944132930236       -4.8470158866518958     
   775200.01155138016        13.646957710965758       -4.8527160087879722     
   776000.01156330109        13.660971277679293       -4.8584161309240486     
   776800.01157522202        13.674984833080956       -4.8641162530601250     
   777600.01158714294        13.688998377180900       -4.8698163751962014     
   778400.01159906387        13.703011909989272       -4.8755164973319518     
   779200.01161098480        13.717025431516214       -4.8812166194671400     
   780000.01162290573        13.731038941771896       -4.8869167416023283     
   780800.01163482666        13.745052440766488       -4.8926168637375165     
   781600.01164674759        13.759065928510182       -4.8983169858727047     
   782400.01165866852        13.773079405013167       -4.9040171080078929     
   783200.01167058945        13.787092870285626       -4.9097172301430811     
   784000.01168251038        13.801106324337777       -4.9154173522782694     
   784800.01169443130        13.815119767179834       -4.9211174744134576     
   785600.01170635223        13.829133198821992       -4.9268175965486458     
   786400.01171827316        13.843146619274503       -4.9325177186838340     
   787200.01173019409        13.857160028547582       -4.9382178408190223     
   788000.01174211502        13.871173426651481       -4.9439179629542105     
   788800.01175403595        13.885186813596434       -4.9496180850893987     
   789600.01176595688        13.899200189392698       -4.9553182072239412     
   790400.01177787781        13.913213554050538       -4.9610183293582413     
   791200.01178979874        13.927226907580211       -4.9667184514925413     
   792000.01180171967        13.941240249991974       -4.9724185736268414     
   792800.01181364059        13.955253581296118       -4.9781186957611414     
   793600.01182556152        13.969266901502911       -4.9838188178954415     
   794400.01183748245        13.983280210622638       -4.9895189400297415     
   795200.01184940338        13.997293508665592       -4.9952190621640415     
   796000.01186132431        14.011306795642081       -5.0009191842983416     
   796800.01187324524        14.025320071562403       -5.0066193064326416     
   797600.01188516617        14.039333336436838       -5.0123194285669417     
   798400.01189708710        14.053346590275718       -5.0180195507012417     
   799200.01190900803        14.067359833089341       -5.0237196728355418     
   800000.01192092896        14.081373064888004       -5.0294197949693862     
