   0.0000000000000000        1.5586549103045043E-002   5.6895344534030196E-003
   400.00000596046448        2.5796237393196777E-002   9.4163615333638564E-003
   800.00001192092896        3.4488821229075067E-002   1.2589402266435238E-002
   1200.0000178813934        4.2372524196127630E-002   1.5467178435505788E-002
   1600.0000238418579        4.9728380629585726E-002   1.8152275576950819E-002
   2000.0000298023224        5.6703574698143092E-002   2.0698420102838018E-002
   2400.0000357627869        6.3387051192481836E-002   2.3138079392738181E-002
   2800.0000417232513        6.9837587087232963E-002   2.5492708713534415E-002
   3200.0000476837158        7.6096494157933736E-002   2.7777388036470691E-002
   3600.0000536441803        8.2194153569606257E-002   3.0003207348124564E-002
   4000.0000596046448        8.8153697644480139E-002   3.2178610600493422E-002
   4400.0000655651093        9.3993230920034060E-002   3.4310206460433472E-002
   4800.0000715255737        9.9727243442067737E-002   3.6403284201870396E-002
   5200.0000774860382       0.10536754948947794        3.8462156367060928E-002
   5600.0000834465027       0.11092393349047440        4.0490394544387645E-002
   6000.0000894069672       0.11640460780794097        4.2490996473029487E-002
   6400.0000953674316       0.12181654545786696        4.4466507494638825E-002
   6800.0001013278961       0.12716572722874081        4.6419110758929599E-002
   7200.0001072883606       0.13245732872166441        4.8350695498614579E-002
   7600.0001132488251       0.13769586428563996        5.0262909569850987E-002
   8000.0001192092896       0.14288529942178821        5.2157200482946378E-002
   8400.0001251697540       0.14802913972249221        5.4034847867641338E-002
   8800.0001311302185       0.15313050207742054        5.5896989465294894E-002
   9200.0001370906830       0.15819217229147378        5.7744642161035087E-002
   9600.0001430511475       0.16321665215963158        5.9578719167372979E-002
   10000.000149011612       0.16820619826772734        6.1400044187543697E-002
   10400.000154972076       0.17316285423201391        6.3209363183815148E-002
   10800.000160932541       0.17808847768599348        6.5007354228396930E-002
   11200.000166893005       0.18298476302503436        6.6794635805818528E-002
   11600.000172853470       0.18785326069704428        6.8571773854513934E-002
   12000.000178813934       0.19269539365982963        7.0339287774164955E-002
   12400.000184774399       0.19751247149803938        7.2097655578722289E-002
   12800.000190734863       0.20230570259424996        7.3847318339127332E-002
   13200.000196695328       0.20707620467240020        7.5588684031898265E-002
   13600.000202655792       0.21182501397205511        7.7322130887912510E-002
   14000.000208616257       0.21655309326473995        7.9048010318521475E-002
   14400.000214576721       0.22126133888613728        8.0766649482414257E-002
   14800.000220537186       0.22595058692789388        8.2478353545713576E-002
   15200.000226497650       0.23062161870860437        8.4183407678944194E-002
   15600.000232458115       0.23527516562393627        8.5882078827365954E-002
   16000.000238418579       0.23991191345987140        8.7574617285322828E-002
   16400.000244379044       0.24453250623992323        8.9261258100472349E-002
   16800.000250339508       0.24913754966642992        9.0942222329838548E-002
   17200.000256299973       0.25372761420701417        9.2617718166329091E-002
   17600.000262260437       0.25830323786993098        9.4287941951685661E-002
   18000.000268220901       0.26286492870575234        9.5953079089526008E-002
   18400.000274181366       0.26741316706764623        9.7613304870265163E-002
   18800.000280141830       0.27194840765811357        9.9268785218070976E-002
   19200.000286102295       0.27647108138631515       0.10091967736867681     
   19600.000292062759       0.28098159705695036       0.10256613048569382     
   20000.000298023224       0.28548034290900165       0.10420828622210956     
   20400.000303983688       0.28996768802031470       0.10584627923280331     
   20800.000309944153       0.29444398359203600       0.10748023764319130     
   21200.000315904617       0.29890956412523695       0.10911028347850919     
   21600.000321865082       0.30336474850056327       0.11073653305767783     
   22000.000327825546       0.30780984097049247       0.11235909735525822     
   22400.000333786011       0.31224513207273846       0.11397808233460731     
   22800.000339746475       0.31667089947225946       0.11559358925495662     
   23200.000345706940       0.32108740873863628       0.11720571495487971     
   23600.000351667404       0.32549491406475245       0.11881455211431914     
   24000.000357627869       0.32989365893212846       0.12042018949711768     
   24400.000363588333       0.33428387672765630       0.12202271217579393     
   24800.000369548798       0.33866579131603508       0.12362220174012262     
   25200.000375509262       0.34303961757174029       0.12521873649091850     
   25600.000381469727       0.34740556187395927       0.12681239162028343     
   26000.000387430191       0.35176382256764188       0.12840323937945092     
   26400.000393390656       0.35611459039343846       0.12999134923525460     
   26800.000399351120       0.36045804888911098       0.13157678801614378     
   27200.000405311584       0.36479437476466248       0.13315962004858270     
   27600.000411272049       0.36912373825332628       0.13473990728459476     
   28000.000417232513       0.37344630344026336       0.13631770942114402     
   28400.000423192978       0.37776222857074077       0.13789308401197878     
   28800.000429153442       0.38207166633930451       0.13946608657249829     
   29200.000435113907       0.38637476416143290       0.14103677067818446     
   29600.000441074371       0.39067166442895052       0.14260518805705061     
   30000.000447034836       0.39496250475039557       0.14417138867655357     
   30400.000452995300       0.39924741817746878       0.14573542082536617     
   30800.000458955765       0.40352653341854111       0.14729733119037255     
   31200.000464916229       0.40779997504013965       0.14885716492920373     
   31600.000470876694       0.41206786365730141       0.15041496573865071     
   32000.000476837158       0.41633031611352578       0.15197077591920721     
   32400.000482797623       0.42058744565109063       0.15352463643601372     
   32800.000488758087       0.42483936207236966       0.15507658697643945     
   33200.000494718552       0.42908617189277865       0.15662666600451317     
   33600.000500679016       0.43332797848593119       0.15817491081242241     
   34000.000506639481       0.43756488222150064       0.15972135756923941     
   34400.000512599945       0.44179698059632511       0.16126604136707709     
   34800.000518560410       0.44602436835916298       0.16280899626480394     
   35200.000524520874       0.45024713762956237       0.16435025532948130     
   35600.000530481339       0.45446537801121667       0.16588985067565776     
   36000.000536441803       0.45867917670019914       0.16742781350263730     
   36400.000542402267       0.46288861858840613       0.16896417412984335     
   36800.000548362732       0.46709378636252130       0.17049896203037615     
   37200.000554323196       0.47129476059885445       0.17203220586287693     
   37600.000560283661       0.47549161985428912       0.17356393350177227     
   38000.000566244125       0.47968444075364713       0.17509417206598982     
   38400.000572204590       0.48387329807369173       0.17662294794622441     
   38800.000578165054       0.48805826482406994       0.17815028683082235     
   39200.000584125519       0.49223941232536694       0.17967621373034592     
   39600.000590085983       0.49641681028452517       0.18120075300088095     
   40000.000596046448       0.50059052686782513       0.18272392836612894     
   40400.000602006912       0.50476062877166594       0.18424576293836253     
   40800.000607967377       0.50892718129127967       0.18576627923823852     
   41200.000613927841       0.51309024838763873       0.18728549921355414     
   41600.000619888306       0.51724989275270505       0.18880344425695919     
   42000.000625848770       0.52140617587317872       0.19032013522263513     
   42400.000631809235       0.52555915809298859       0.19183559244201104     
   42800.000637769699       0.52970889867463455       0.19334983573848433     
   43200.000643730164       0.53385545585960492       0.19486288444119629     
   43600.000649690628       0.53799888692800335       0.19637475739786311     
   44000.000655651093       0.54213924825758275       0.19788547298665593     
   44400.000661611557       0.54627659538235729       0.19939504912715081     
   44800.000667572021       0.55041098305095604       0.20090350329032108     
   45200.000673532486       0.55454246528492379       0.20241085250757562     
   45600.000679492950       0.55867109543710292       0.20391711337881854     
   46000.000685453415       0.56279692625037159       0.20542230207951551     
   46400.000691413879       0.56692000991682967       0.20692643436672070     
   46800.000697374344       0.57104039813772800       0.20842952558405220     
   47200.000703334808       0.57515814218428207       0.20993159066553435     
   47600.000709295273       0.57927329295964902       0.21143264413828655     
   48000.000715255737       0.58338590106224786       0.21293270012397220     
   48400.000721216202       0.58749601685072717       0.21443177233895339     
   48800.000727176666       0.59160369051077866       0.21592987409303288     
   49200.000733137131       0.59570897212415175       0.21742701828673178     
   49600.000739097595       0.59981191174006598       0.21892321740693166     
   50000.000745058060       0.60391255944943334       0.22041848352080767     
   50400.000751018524       0.60801096546217948       0.22191282826786829     
   50800.000756978989       0.61210718018803667       0.22340626284995260     
   51200.000762939453       0.61620125432119954       0.22489879801898610     
   51600.000768899918       0.62029323892928068       0.22639044406229522     
   52000.000774860382       0.62438318554701644       0.22788121078522960     
   52400.000780820847       0.62847114627520084       0.22937110749081738     
   52800.000786781311       0.63255717388543153       0.23086014295616186     
   53200.000792741776       0.63664132193118261       0.23234832540520947     
   53600.000798702240       0.64072364486591527       0.23383566247752857     
   54000.000804662704       0.64480419816886780       0.23532216119263466     
   54400.000810623169       0.64888303847925766       0.23680782790937277     
   54800.000816583633       0.65296022373978269       0.23829266827979603     
   55200.000822544098       0.65703581335022421       0.23977668719690651     
   55600.000828504562       0.66110986833222907       0.24125988873556120     
   56000.000834465027       0.66518245150622868       0.24274227608570045     
   56400.000840425491       0.66925362768171381       0.24422385147701992     
   56800.000846385956       0.67332346386212305       0.24570461609404398     
   57200.000852346420       0.67739202946573340       0.24718456998043947     
   57600.000858306885       0.68145939656403087       0.24866371193124109     
   58000.000864267349       0.68552564013926154       0.25014203937150742     
   58400.000870227814       0.68959083836294210       0.25161954821973437     
   58800.000876188278       0.69365507289728179       0.25309623273406362     
   59200.000882148743       0.69771842922175109       0.25457208533918396     
   59600.000888109207       0.70178099698702012       0.25604709643140128     
   60000.000894069672       0.70584287039896221       0.25752125415914273     
   60400.000900030136       0.70990414863544771       0.25899454417569306     
   60800.000905990601       0.71396493629897850       0.26046694936057435     
   61200.000911951065       0.71802534390851058       0.26193844950549527     
   61600.000917911530       0.72208548843402309       0.26340902096021707     
   62000.000923871994       0.72614549387778682       0.26487863623307395     
   62400.000929832458       0.73020549190650130       0.26634726354013311     
   62800.000935792923       0.73426562253891570       0.26781486629619633     
   63200.000941753387       0.73832603489380522       0.26928140253987304     
   63600.000947713852       0.74238688800357577       0.27074682428391622     
   64000.000953674316       0.74644835169912604       0.27221107678080070     
   64400.000959634781       0.75051060757194143       0.27367409769214640     
   64800.000965595245       0.75457385001970045       0.27513581614903543     
   65200.000971555710       0.75863828738203132       0.27659615168852880     
   65600.000977516174       0.76270414317322810       0.27805501304968988     
   66000.000983476639       0.76677165741900177       0.27951229681020295     
   66400.000989437103       0.77084108810430485       0.28096788584215437     
   66800.000995397568       0.77491271273922779       0.28242164756275290     
   67200.001001358032       0.77898683004970215       0.28387343195263748     
   67600.001007318497       0.78306376179912862       0.28532306931097395     
   68000.001013278961       0.78714385474617754       0.28677036771272363     
   68400.001019239426       0.79122748274270238       0.28821511012935969     
   68800.001025199890       0.79531504897369243       0.28965705116979057     
   69200.001031160355       0.79940698833876356       0.29109591339355539     
   69600.001037120819       0.80350376997093609       0.29253138314333887     
   70000.001043081284       0.80760589988409381       0.29396310583878754     
   70400.001049041748       0.81171392373441875       0.29539068066869023     
   70800.001055002213       0.81582842967364444       0.29681365461382003     
   71200.001060962677       0.81995005126228737       0.29823151572881029     
   71600.001066923141       0.82407947039935636       0.29964368560861654     
   72000.001072883606       0.82821742021025280       0.30104951096400129     
   72400.001078844070       0.83236468781697603       0.30244825423223393     
   72800.001084804535       0.83652211689323630       0.30383908315437513     
   73200.001090764999       0.84069060988188238       0.30522105926109588     
   73600.001096725464       0.84487112972235889       0.30659312522612320     
   74000.001102685928       0.84906470090200614       0.30795409107264421     
   74400.001108646393       0.85327240960667172       0.30930261925534969     
   74800.001114606857       0.85749540270439573       0.31063720869244460     
   75200.001120567322       0.86173488525160791       0.31195617789062985     
   75600.001126527786       0.86599211616671024       0.31325764739504319     
   76000.001132488251       0.87026840167429043       0.31453952190827189     
   76400.001138448715       0.87456508608904993       0.31579947255997060     
   76800.001144409180       0.87888353948820552       0.31703491997193922     
   77200.001150369644       0.88322514182275413       0.31824301895109508     
   77600.001156330109       0.88759126305164704       0.31942064584917079     
   78000.001162290573       0.89198323896000409       0.32056438984286340     
   78400.001168251038       0.89640234245507588       0.32167054959448194     
   78800.001174211502       0.90084975033348347       0.32273513692670275     
   79200.001180171967       0.90532650578799767       0.32375388925284138     
   79600.001186132431       0.90983347727443253       0.32472229250664714     
   80000.001192092896       0.91437131478096545       0.32563561616863795     
   80400.001198053360       0.91894040501224805       0.32648896164691354     
   80800.001204013824       0.92354082748128008       0.32727732470582660     
   81200.001209974289       0.92817231393809319       0.32799567183372030     
   81600.001215934753       0.93283421388700993       0.32863902942062501     
   82000.001221895218       0.93752546907755863       0.32920258344009690     
   82400.001227855682       0.94224459972868324       0.32968178610358928     
   82800.001233816147       0.94698970481346345       0.33007246482809199     
   83200.001239776611       0.95175847798371116       0.33037092799825463     
   83600.001245737076       0.95654823969146430       0.33057406157648644     
   84000.001251697540       0.96135598486259100       0.33067941074108470     
   84400.001257658005       0.96617844423615840       0.33068524146295009     
   84800.001263618469       0.97101215636059324       0.33059057822014454     
   85200.001269578934       0.97585354638835342       0.33039521575814024     
   85600.001275539398       0.98069900734567172       0.33009970471981548     
   86000.001281499863       0.98554497952597442       0.32970531284990440     
   86400.001287460327       0.99038802404548987       0.32921396509436462     
   86800.001293420792       0.99522488732759307       0.32862816709376913     
   87200.001299381256        1.0000525542261931       0.32795091721999264     
   87600.001305341721        1.0048682885227216       0.32718561242455729     
   88000.001311302185        1.0096696605096869       0.32633595282449074     
   88400.001317262650        1.0144545622114942       0.32540584926638039     
   88800.001323223114        1.0192212114319745       0.32439933721906528     
   89200.001329183578        1.0239681462384604       0.32332049938128410     
   89600.001335144043        1.0286942117052644       0.32217339846053383     
   90000.001341104507        1.0333985407766482       0.32096202075853275     
   90400.001347064972        1.0380805310132446       0.31969023052959983     
   90800.001353025436        1.0427398188001282       0.31836173457565797     
   91200.001358985901        1.0473762523586236       0.31698005619847336     
   91600.001364946365        1.0519898646504071       0.31554851742690082     
   92000.001370906830        1.0565808470140912       0.31407022834788784     
   92400.001376867294        1.0611495241475981       0.31254808236714815     
   92800.001382827759        1.0656963308524297       0.31098475628316841     
   93200.001388788223        1.0702217907920242       0.30938271415435176     
   93600.001394748688        1.0747264973853172       0.30774421405624958     
   94000.001400709152        1.0792110968562443       0.30607131695073270     
   94400.001406669617        1.0836762733858247       0.30436589701234412     
   94800.001412630081        1.0881227362620565       0.30262965287298216     
   95200.001418590546        1.0925512088894649       0.30086411935097873     
   95600.001424551010        1.0969624195007677       0.29907067932276749     
   96000.001430511475        1.1013570934048489       0.29725057547449241     
   96400.001436471939        1.1057359466046561       0.29540492173752680     
   96800.001442432404        1.1100996806236618       0.29353471426674554     
   97200.001448392868        1.1144489783883322       0.29164084186511302     
   97600.001454353333        1.1187845010250788       0.28972409579373859     
   98000.001460313797        1.1231068854424280       0.28778517893453015     
   98400.001466274261        1.1274167425817683       0.28582471429408868     
   98800.001472234726        1.1317146562327969       0.28384325285379580     
   99200.001478195190        1.1360011823215272       0.28184128078286286     
   99600.001484155655        1.1402768485903712       0.27981922603959786     
   100000.00149011612        1.1445421545999355       0.27777746439183726     
   100400.00149607658        1.1487975719920676       0.27571632489103137     
   100800.00150203705        1.1530435449616925       0.27363609483628565     
   101200.00150799751        1.1572804908931824       0.27153702426537274     
   101600.00151395798        1.1615088011233328       0.26941933000933421     
   102000.00151991844        1.1657288417989597       0.26728319934629918     
   102400.00152587891        1.1699409548025943       0.26512879328875927     
   102800.00153183937        1.1741454587238263       0.26295624953663777     
   103200.00153779984        1.1783426498579717       0.26076568512663578     
   103600.00154376030        1.1825328032169919       0.25855719880620698     
   104000.00154972076        1.1867161735403902       0.25633087315844305     
   104400.00155568123        1.1908929962962316       0.25408677650208483     
   104800.00156164169        1.1950634886645475       0.25182496458887693     
   105200.00156760216        1.1992278504969731       0.24954548211856342     
   105600.00157356262        1.2033862652481131       0.24724836409001094     
   106000.00157952309        1.2075389008751469       0.24493363700526893     
   106400.00158548355        1.2116859107032489       0.24260131994175202     
   106800.00159144402        1.2158274342552822       0.24025142550631923     
   107200.00159740448        1.2199635980449350       0.23788396068367726     
   107600.00160336494        1.2240945163327401       0.23549892759022736     
   108000.00160932541        1.2282202918453311       0.23309632414350087     
   108400.00161528587        1.2323410164581354       0.23067614465613037     
   108800.00162124634        1.2364567718424502       0.22823838036253155     
   109200.00162720680        1.2405676300776862       0.22578301988554283     
   109600.00163316727        1.2446736542299053       0.22331004964950904     
   110000.00163912773        1.2487748988979188       0.22081945424567540     
   110400.00164508820        1.2528714107282182       0.21831121675508613     
   110800.00165104866        1.2569632289000008       0.21578531903363271     
   111200.00165700912        1.2610503855818165       0.21324174196345122     
   111600.00166296959        1.2651329063610506       0.21068046567433985     
   112000.00166893005        1.2692108106477564       0.20810146973854948     
   112400.00167489052        1.2732841120540330       0.20550473334188341     
   112800.00168085098        1.2773528187503966       0.20289023543376150     
   113200.00168681145        1.2814169338003532       0.20025795485859249     
   113600.00169277191        1.2854764554743954       0.19760787047055253     
   114000.00169873238        1.2895313775446626       0.19493996123364257     
   114400.00170469284        1.2935816895613725       0.19225420630869325     
   114800.00171065331        1.2976273771120526       0.18955058512878267     
   115200.00171661377        1.3016684220647470       0.18682907746441499     
   115600.00172257423        1.3057048027960103       0.18408966347961259     
   116000.00172853470        1.3097364944047589       0.18133232377997721     
   116400.00173449516        1.3137634689127364       0.17855703945365006     
   116800.00174045563        1.3177856954525595       0.17576379210600629     
   117200.00174641609        1.3218031404440052       0.17295256388880742     
   117600.00175237656        1.3258157677593423       0.17012333752447673     
   118000.00175833702        1.3298235388783775       0.16727609632608073     
   118400.00176429749        1.3338264130339255       0.16441082421353079     
   118800.00177025795        1.3378243473481921       0.16152750572646213     
   119200.00177621841        1.3418172969607609       0.15862612603420614     
   119600.00178217888        1.3458052151486999       0.15570667094321938     
   120000.00178813934        1.3497880534392508       0.15276912690228039     
   120400.00179409981        1.3537657617156089       0.14981348100575675     
   120800.00180006027        1.3577382883162319       0.14683972099517950     
   121200.00180602074        1.3617055801280760       0.14384783525936165     
   121600.00181198120        1.3656675826741669       0.14083781283324975     
   122000.00181794167        1.3696242401958356       0.13780964339569524     
   122400.00182390213        1.3735754957300725       0.13476331726630109     
   122800.00182986259        1.3775212911821046       0.13169882540146449     
   123200.00183582306        1.3814615673936805       0.12861615938975662     
   123600.00184178352        1.3853962642073165       0.12551531144674427     
   124000.00184774399        1.3893253205265996       0.12239627440933486     
   124400.00185370445        1.3932486743730532       0.11925904172974239     
   124800.00185966492        1.3971662629395654       0.11610360746914464     
   125200.00186562538        1.4010780226406767       0.11292996629108555     
   125600.00187158585        1.4049838891599624       0.10973811345469256     
   126000.00187754631        1.4088837974946273       0.10652804480775244     
   126400.00188350677        1.4127776819975284       0.10329975677968779     
   126800.00188946724        1.4166654764167588       0.10005324637447108     
   127200.00189542770        1.4205471139329757        9.6788511163513960E-002
   127600.00190138817        1.4244225271945763        9.3505549278551287E-002
   128000.00190734863        1.4282916483508727        9.0204359404551904E-002
   128400.00191330910        1.4321544090834355        8.6884940772677291E-002
   128800.00191926956        1.4360107406355820        8.3547293153292193E-002
   129200.00192523003        1.4398605738402812        8.0191416849063807E-002
   129600.00193119049        1.4437038391465022        7.6817312688144651E-002
   130000.00193715096        1.4475404666440561        7.3424982017456245E-002
   130400.00194311142        1.4513703860871217        7.0014426696085041E-002
   130800.00194907188        1.4551935269164353        6.6585649088792040E-002
   131200.00195503235        1.4590098182802826        6.3138652059644071E-002
   131600.00196099281        1.4628191890543700        5.9673438965773290E-002
   132000.00196695328        1.4666215678606243        5.6190013651266434E-002
   132400.00197291374        1.4704168830849256        5.2688380441182917E-002
   132800.00197887421        1.4742050628940049        4.9168544135712602E-002
   133200.00198483467        1.4779860352512879        4.5630510004460278E-002
   133600.00199079514        1.4817597279320796        4.2074283780872059E-002
   134000.00199675560        1.4855260685378175        3.8499871656790856E-002
   134400.00200271606        1.4892849845096603        3.4907280277148851E-002
   134800.00200867653        1.4930364031413146        3.1296516734789247E-002
   135200.00201463699        1.4967802515912663        2.7667588565421106E-002
   135600.00202059746        1.5005164568943254        2.4020503742701118E-002
   136000.00202655792        1.5042449459726228        2.0355270673444111E-002
   136400.00203251839        1.5079656456460322        1.6671898192956190E-002
   136800.00203847885        1.5116784826420930        1.2970395560491076E-002
   137200.00204443932        1.5153833836054240        9.2507724548259902E-003
   137600.00205039978        1.5190802751066328        5.5130389699531868E-003
   138000.00205636024        1.5227690836508812        1.7572056108874263E-003
   138400.00206232071        1.5264497356859610       -2.0167167104167198E-003
   138800.00206828117        1.5301221576099671       -5.8087166790385019E-003
   139200.00207424164        1.5337862757786564       -9.6187825809588481E-003
   139600.00208020210        1.5374420165124416       -1.3446902306825667E-002
   140000.00208616257        1.5410893061030086       -1.7293063355619181E-002
   140400.00209212303        1.5447280708196831       -2.1157252838219943E-002
   140800.00209808350        1.5483582369154625       -2.5039457480882620E-002
   141200.00210404396        1.5519797306327776       -2.8939663628618495E-002
   141600.00211000443        1.5555924782090249       -3.2857857248489053E-002
   142000.00211596489        1.5591964058817540       -3.6794023932812260E-002
   142400.00212192535        1.5627914398937643       -4.0748148902288783E-002
   142800.00212788582        1.5663775064978196       -4.4720217009042537E-002
   143200.00213384628        1.5699545319612582       -4.8710212739586554E-002
   143600.00213980675        1.5735224425703802       -5.2718120217711710E-002
   144000.00214576721        1.5770811646346061       -5.6743923207301053E-002
   144400.00215172768        1.5806306244905330       -6.0787605115076408E-002
   144800.00215768814        1.5841707485057037       -6.4849148993270878E-002
   145200.00216364861        1.5877014630823307       -6.8928537542238877E-002
   145600.00216960907        1.5912226946607986       -7.3025753113000663E-002
   146000.00217556953        1.5947343697230500       -7.7140777709724440E-002
   146400.00218153000        1.5982364147957953       -8.1273592992146426E-002
   146800.00218749046        1.6017287564536573       -8.5424180277936551E-002
   147200.00219345093        1.6052113213221328       -8.9592520545003870E-002
   147600.00219941139        1.6086840360804548       -9.3778594433750223E-002
   148000.00220537186        1.6121468274643551       -9.7982382249270153E-002
   148400.00221133232        1.6155996222686995      -0.10220386396349664     
   148800.00221729279        1.6190423473500442      -0.10644301921730605     
   149200.00222325325        1.6224749296290804      -0.11069982732256485     
   149600.00222921371        1.6258972960930040      -0.11497426726414060     
   150000.00223517418        1.6293093737977746      -0.11926631770185889     
